BEGIN
Sample rate: 22.2203 kHz

35854,
34672,
31576,
28326,
24972,
21597,
18259,
15023,
11960,
9129,
6599,
4404,
2642,
1354,
593,
376,
354,
376,
1195,
2577,
4334,
6521,
9033,
36360,
35986,
32979,
29783,
26467,
23093,
19732,
16437,
13295,
10356,
7686,
5327,
3281,
1866,
865,
459,
394,
390,
486,
1932,
3497,
5500,
7873,
36358,
34337,
31219,
27950,
24583,
21213,
17885,
14664,
11626,
8831,
6338,
4183,
2473,
1247,
566,
406,
387,
404,
1323,
2747,
4554,
6782,
9334,
36362,
35659,
32628,
29419,
26094,
22712,
19357,
16075,
12951,
10040,
7401,
5089,
3160,
1724,
792,
445,
388,
387,
571,
2079,
3695,
5745,
8157,
36365,
33990,
30850,
27565,
24206,
20835,
17507,
14310,
11294,
8527,
6068,
3962,
2291,
1133,
531,
398,
388,
407,
1468,
2923,
4776,
7041,
9637,
36379,
35323,
32265,
29034,
25704,
22326,
18975,
15713,
12609,
9721,
7125,
4846,
2964,
1580,
719,
434,
389,
392,
737,
2236,
3903,
5994,
8449,
36357,
33643,
30488,
27193,
23826,
20460,
17144,
13966,
10979,
8241,
5815,
3758,
2140,
1035,
500,
397,
388,
422,
1632,
3118,
5023,
7333,
9958,
36359,
34991,
31909,
28670,
25325,
21952,
18604,
15354,
12274,
9420,
6854,
4621,
2808,
1462,
646,
385,
357,
368,
1032,
2412,
4121,
6266,
8744,
36362,
33297,
30127,
26817,
23443,
20084,
16778,
13618,
10651,
7952,
5563,
3497,
1994,
948,
473,
393,
393,
445,
1779,
3305,
5263,
7606,
10265,
34657,
31550,
28298,
24947,
21573,
18235,
14998,
11939,
9115,
6589,
4396,
2639,
1352,
591,
379,
359,
374,
1203,
2586,
4348,
6530,
9057,
36357,
35963,
32953,
29758,
26440,
23066,
19704,
16418,
13270,
10335,
7670,
5318,
3273,
1857,
861,
454,
395,
393,
487,
1932,
3503,
5511,
7889,
36332,
34314,
31185,
27923,
24559,
21188,
17862,
14648,
11611,
8810,
6317,
4167,
2466,
1238,
563,
411,
391,
399,
1329,
2757,
4566,
6797,
9350,
36333,
35632,
32592,
29382,
26059,
22677,
19326,
16048,
12928,
10019,
7384,
5076,
3143,
1714,
788,
440,
392,
390,
585,
2093,
3711,
5764,
8182,
36332,
33970,
30830,
27548,
24183,
20813,
17496,
14294,
11286,
8514,
6058,
3957,
2294,
1136,
530,
406,
387,
410,
1494,
2938,
4806,
7079,
9670,
36357,
35303,
32241,
29018,
25678,
22307,
18957,
15701,
12593,
9707,
7110,
4833,
2962,
1577,
714,
432,
393,
393,
762,
2256,
3922,
6025,
8473,
36343,
33622,
30464,
27165,
23799,
20435,
17122,
13945,
10958,
8225,
5798,
3741,
2123,
1025,
493,
397,
392,
421,
1637,
3121,
5037,
7346,
9975,
36346,
34959,
31882,
28645,
25297,
21925,
18583,
15333,
12253,
9398,
6835,
4599,
2797,
1452,
639,
380,
357,
369,
1032,
2421,
4143,
6282,
8774,
36326,
33279,
30102,
26792,
23421,
20063,
16762,
13593,
10636,
7934,
5550,
3479,
1983,
936,
479,
397,
389,
446,
1789,
3314,
5275,
7625,
10289,
34625,
31524,
28276,
24920,
21548,
18212,
14983,
11917,
9093,
6567,
4380,
2623,
1338,
589,
377,
362,
381,
1212,
2599,
4362,
6549,
9077,
36318,
35937,
32929,
29728,
26415,
23040,
19681,
16389,
13249,
10318,
7647,
5298,
3260,
1849,
855,
458,
396,
387,
495,
1949,
3518,
5531,
7917,
36305,
34294,
31169,
27898,
24542,
21164,
17838,
14621,
11584,
8789,
6303,
4157,
2452,
1233,
558,
406,
393,
399,
1334,
2765,
4583,
6810,
9367,
36333,
35611,
32574,
29361,
26038,
22663,
19305,
16029,
12904,
9998,
7369,
5056,
3135,
1712,
785,
438,
396,
392,
593,
2098,
3724,
5777,
8198,
36320,
33947,
30803,
27516,
24155,
20793,
17469,
14269,
11259,
8495,
6044,
3943,
2274,
1122,
528,
403,
392,
411,
1505,
2953,
4818,
7091,
9687,
36333,
35285,
32227,
28997,
25662,
22284,
18937,
15674,
12574,
9692,
7097,
4826,
2954,
1572,
716,
431,
392,
400,
795,
2271,
3942,
6043,
8496,
36308,
33609,
30450,
27152,
23781,
20410,
17101,
13920,
10936,
8207,
5787,
3729,
2116,
1021,
497,
401,
393,
433,
1652,
3138,
5050,
7364,
9993,
36317,
34941,
31862,
28619,
25273,
21901,
18557,
15311,
12229,
9378,
6816,
4588,
2790,
1448,
637,
382,
355,
366,
1054,
2438,
4158,
6304,
8792,
36305,
33251,
30071,
26763,
23392,
20029,
16728,
13565,
10606,
7904,
5521,
3457,
1965,
929,
473,
397,
390,
440,
1789,
3316,
5289,
7636,
10299,
34602,
31493,
28240,
24887,
21519,
18182,
14948,
11888,
9064,
6543,
4354,
2607,
1329,
578,
374,
360,
375,
1206,
2597,
4363,
6556,
9086,
36317,
35919,
32904,
29714,
26392,
23017,
19653,
16363,
13225,
10294,
7637,
5287,
3252,
1835,
851,
453,
395,
392,
492,
1953,
3530,
5541,
7932,
36307,
34266,
31145,
27876,
24513,
21143,
17819,
14600,
11563,
8772,
6288,
4147,
2445,
1227,
563,
407,
389,
408,
1349,
2779,
4594,
6829,
9391,
36315,
35589,
32551,
29338,
26012,
22639,
19280,
16005,
12881,
9977,
7350,
5040,
3118,
1699,
777,
443,
394,
394,
585,
2112,
3736,
5796,
8216,
36291,
33928,
30783,
27496,
24132,
20760,
17446,
14247,
11235,
8479,
6020,
3927,
2264,
1114,
520,
402,
388,
414,
1500,
2959,
4831,
7095,
9701,
36291,
35255,
32193,
28965,
25628,
22251,
18900,
15638,
12543,
9669,
7066,
4803,
2935,
1553,
704,
431,
392,
394,
773,
2270,
3943,
6045,
8505,
36278,
33578,
30421,
27120,
23750,
20384,
17075,
13904,
10916,
8186,
5772,
3717,
2105,
1012,
496,
397,
392,
422,
1660,
3147,
5067,
7375,
10013,
36307,
34918,
31836,
28592,
25248,
21873,
18531,
15284,
12206,
9363,
6801,
4572,
2776,
1437,
627,
388,
357,
371,
1073,
2448,
4172,
6321,
8813,
36297,
33233,
30047,
26744,
23377,
20016,
16711,
13554,
10596,
7900,
5519,
3448,
1967,
929,
470,
393,
389,
445,
1815,
3346,
5320,
7671,
10333,
34582,
31477,
28222,
24864,
21496,
18157,
14934,
11876,
9053,
6530,
4345,
2597,
1323,
579,
379,
366,
381,
1225,
2612,
4382,
6573,
9106,
36279,
35898,
32882,
29685,
26371,
22994,
19626,
16341,
13202,
10274,
7606,
5264,
3229,
1824,
842,
449,
389,
385,
493,
1962,
3538,
5551,
7935,
36265,
34243,
31117,
27852,
24485,
21109,
17784,
14574,
11536,
8750,
6261,
4118,
2425,
1210,
553,
407,
387,
404,
1347,
2782,
4604,
6846,
9407,
36268,
35564,
32522,
29309,
25985,
22612,
19254,
15981,
12858,
9954,
7324,
5024,
3108,
1685,
781,
438,
392,
392,
608,
2121,
3752,
5812,
8233,
36268,
33908,
30767,
27472,
24112,
20742,
17428,
14233,
11220,
8461,
6010,
3914,
2259,
1111,
521,
400,
386,
414,
1520,
2971,
4848,
7120,
9720,
36279,
35239,
32175,
28944,
25613,
22231,
18887,
15624,
12526,
9649,
7058,
4791,
2928,
1551,
708,
429,
391,
389,
802,
2280,
3959,
6069,
8533,
36273,
33559,
30392,
27101,
23732,
20369,
17055,
13877,
10893,
8172,
5755,
3705,
2099,
1011,
499,
401,
393,
428,
1671,
3160,
5080,
7398,
10035,
36276,
34908,
31818,
28576,
25228,
21861,
18518,
15268,
12192,
9342,
6787,
4562,
2767,
1437,
632,
383,
357,
372,
1088,
2460,
4186,
6337,
8834,
36291,
33210,
30030,
26723,
23347,
19987,
16688,
13530,
10573,
7879,
5507,
3446,
1963,
926,
472,
397,
390,
455,
1823,
3356,
5333,
7684,
10349,
34564,
31458,
28200,
24844,
21475,
18140,
14911,
11858,
9037,
6518,
4338,
2596,
1317,
577,
382,
357,
383,
1239,
2627,
4398,
6595,
9133,
36283,
35882,
32857,
29667,
26345,
22974,
19609,
16324,
13186,
10256,
7595,
5256,
3229,
1822,
842,
453,
399,
391,
499,
1971,
3555,
5579,
7965,
36257,
34232,
31100,
27832,
24468,
21097,
17767,
14560,
11523,
8736,
6254,
4119,
2428,
1212,
556,
406,
389,
402,
1369,
2799,
4628,
6862,
9429,
36271,
35558,
32508,
29292,
25965,
22593,
19238,
15960,
12841,
9942,
7323,
5012,
3103,
1686,
776,
444,
391,
393,
631,
2134,
3766,
5832,
8255,
36232,
33881,
30738,
27450,
24081,
20717,
17399,
14198,
11200,
8442,
5997,
3905,
2245,
1099,
516,
405,
391,
414,
1523,
2983,
4856,
7136,
9740,
36261,
35214,
32148,
28919,
25581,
22207,
18851,
15597,
12496,
9626,
7038,
4775,
2910,
1538,
705,
429,
392,
388,
810,
2291,
3972,
6085,
8546,
36255,
33533,
30369,
27070,
23701,
20335,
17027,
13849,
10871,
8149,
5730,
3689,
2088,
1002,
490,
401,
385,
425,
1676,
3178,
5096,
7416,
10050,
36252,
34878,
31790,
28542,
25196,
21823,
18486,
15240,
12167,
9314,
6755,
4542,
2748,
1422,
622,
384,
356,
367,
1092,
2463,
4196,
6357,
8850,
36269,
33185,
29999,
26694,
23325,
19962,
16662,
13507,
10552,
7860,
5483,
3426,
1946,
914,
469,
399,
390,
457,
1831,
3369,
5346,
7702,
10372,
34541,
31432,
28175,
24819,
21451,
18109,
14880,
11831,
9021,
6499,
4321,
2580,
1310,
574,
379,
364,
379,
1249,
2640,
4416,
6616,
9152,
36234,
35856,
32831,
29638,
26321,
22943,
19585,
16301,
13162,
10233,
7574,
5235,
3209,
1805,
835,
451,
393,
393,
498,
1983,
3573,
5594,
7985,
36227,
34208,
31073,
27806,
24442,
21078,
17749,
14538,
11503,
8718,
6237,
4099,
2408,
1201,
548,
399,
390,
403,
1379,
2809,
4643,
6883,
9455,
36252,
35528,
32484,
29268,
25940,
22568,
19210,
15939,
12821,
9921,
7296,
4995,
3082,
1674,
763,
436,
392,
390,
629,
2141,
3776,
5843,
8273,
36220,
33853,
30712,
27424,
24060,
20690,
17374,
14178,
11173,
8420,
5966,
3878,
2228,
1092,
513,
395,
387,
413,
1534,
2989,
4867,
7151,
9756,
36252,
35194,
32125,
28894,
25562,
22180,
18834,
15571,
12485,
9608,
7018,
4759,
2900,
1531,
692,
425,
384,
393,
813,
2304,
3987,
6096,
8555,
36225,
33508,
30348,
27045,
23676,
20312,
17001,
13827,
10847,
8124,
5714,
3676,
2078,
994,
489,
398,
388,
430,
1682,
3181,
5108,
7426,
10066,
36248,
34849,
31761,
28510,
25169,
21795,
18457,
15208,
12132,
9289,
6739,
4523,
2732,
1403,
616,
384,
354,
372,
1092,
2471,
4201,
6357,
8860,
36215,
33158,
29978,
26665,
23293,
19930,
16632,
13480,
10524,
7842,
5464,
3412,
1936,
905,
470,
400,
390,
453,
1839,
3377,
5358,
7713,
10390,
34523,
31416,
28153,
24798,
21426,
18086,
14865,
11810,
8994,
6479,
4302,
2568,
1302,
571,
384,
358,
386,
1267,
2649,
4426,
6630,
9171,
36237,
35838,
32816,
29617,
26298,
22917,
19561,
16277,
13137,
10211,
7559,
5224,
3206,
1806,
830,
447,
392,
386,
519,
1998,
3582,
5605,
8000,
36220,
34181,
31053,
27780,
24417,
21045,
17722,
14516,
11480,
8693,
6220,
4089,
2406,
1199,
548,
408,
385,
406,
1398,
2827,
4661,
6904,
9473,
36238,
35520,
32466,
29250,
25921,
22547,
19191,
15914,
12798,
9906,
7280,
4987,
3071,
1671,
762,
435,
392,
391,
662,
2157,
3795,
5862,
8296,
36215,
33848,
30699,
27404,
24041,
20673,
17355,
14162,
11156,
8409,
5965,
3878,
2228,
1087,
516,
398,
389,
410,
1548,
3007,
4889,
7178,
9779,
36208,
35175,
32104,
28874,
25538,
22161,
18814,
15555,
12458,
9594,
7005,
4746,
2891,
1528,
690,
428,
392,
393,
829,
2313,
4004,
6121,
8581,
36202,
33495,
30328,
27023,
23659,
20292,
16989,
13809,
10831,
8117,
5710,
3670,
2076,
994,
489,
397,
393,
431,
1699,
3196,
5127,
7456,
10095,
36206,
34835,
31746,
28500,
25153,
21780,
18445,
15200,
12124,
9284,
6736,
4522,
2734,
1412,
617,
381,
356,
373,
1122,
2491,
4223,
6389,
8892,
36209,
33144,
29963,
26651,
23273,
19913,
16618,
13466,
10517,
7829,
5457,
3405,
1929,
906,
465,
395,
385,
464,
1852,
3396,
5373,
7740,
10418,
34501,
31387,
28126,
24771,
21402,
18066,
14845,
11792,
8979,
6469,
4298,
2559,
1294,
567,
378,
364,
382,
1266,
2658,
4452,
6652,
9185,
36218,
35814,
32794,
29590,
26275,
22898,
19541,
16256,
13118,
10195,
7543,
5206,
3195,
1796,
828,
457,
396,
386,
521,
2001,
3595,
5625,
8022,
36193,
34158,
31025,
27747,
24392,
21026,
17697,
14491,
11464,
8682,
6200,
4071,
2391,
1189,
547,
408,
391,
404,
1403,
2834,
4672,
6918,
9488,
36187,
35483,
32437,
29218,
25889,
22517,
19165,
15892,
12770,
9877,
7265,
4965,
3057,
1653,
749,
438,
393,
392,
644,
2164,
3804,
5877,
8307,
36198,
33812,
30664,
27376,
24016,
20641,
17320,
14130,
11131,
8383,
5937,
3856,
2206,
1083,
519,
402,
391,
415,
1552,
3019,
4904,
7191,
9801,
36201,
35155,
32084,
28856,
25509,
22137,
18790,
15533,
12435,
9569,
6985,
4726,
2874,
1520,
685,
423,
391,
389,
839,
2327,
4015,
6129,
8597,
36199,
33462,
30297,
26995,
23624,
20262,
16953,
13782,
10807,
8083,
5680,
3643,
2055,
978,
485,
398,
393,
427,
1704,
3213,
5144,
7469,
10112,
36205,
34818,
31725,
28478,
25132,
21758,
18418,
15176,
12104,
9260,
6711,
4496,
2712,
1395,
612,
372,
352,
374,
1127,
2498,
4242,
6403,
8903,
36205,
33123,
29937,
26625,
23252,
19888,
16584,
13439,
10492,
7803,
5433,
3386,
1918,
897,
463,
396,
393,
462,
1860,
3407,
5389,
7753,
10427,
34483,
31370,
28112,
24752,
21379,
18047,
14818,
11769,
8958,
6445,
4275,
2542,
1290,
569,
378,
361,
381,
1280,
2675,
4458,
6663,
9209,
36177,
35796,
32775,
29570,
26251,
22877,
19516,
16230,
13095,
10174,
7526,
5194,
3175,
1789,
824,
455,
393,
393,
525,
2013,
3612,
5641,
8037,
36163,
34142,
31008,
27734,
24367,
20996,
17673,
14467,
11438,
8657,
6181,
4057,
2381,
1180,
541,
402,
388,
401,
1404,
2841,
4682,
6930,
9510,
36185,
35465,
32417,
29199,
25868,
22491,
19140,
15866,
12754,
9861,
7240,
4948,
3050,
1649,
751,
436,
393,
388,
651,
2167,
3809,
5886,
8322,
36165,
33794,
30641,
27351,
23981,
20610,
17301,
14108,
11112,
8363,
5930,
3846,
2200,
1075,
514,
400,
390,
411,
1560,
3026,
4913,
7206,
9818,
36172,
35126,
32060,
28825,
25487,
22113,
18765,
15510,
12420,
9549,
6972,
4716,
2877,
1519,
685,
425,
391,
394,
864,
2340,
4032,
6156,
8623,
36166,
33447,
30278,
26977,
23605,
20241,
16936,
13767,
10789,
8081,
5673,
3640,
2050,
983,
487,
393,
395,
429,
1711,
3221,
5158,
7487,
10132,
36192,
34789,
31701,
28451,
25095,
21729,
18393,
15149,
12081,
9244,
6695,
4488,
2708,
1389,
612,
380,
357,
379,
1126,
2507,
4244,
6416,
8928,
36189,
33096,
29913,
26597,
23225,
19863,
16560,
13418,
10473,
7793,
5421,
3379,
1912,
891,
469,
397,
395,
465,
1872,
3415,
5398,
7771,
10451,
34455,
31342,
28075,
24716,
21348,
18017,
14800,
11745,
8934,
6427,
4261,
2533,
1279,
561,
379,
365,
382,
1284,
2686,
4477,
6683,
9228,
36162,
35774,
32749,
29550,
26222,
22846,
19489,
16206,
13074,
10148,
7500,
5172,
3163,
1777,
811,
441,
394,
393,
524,
2022,
3618,
5655,
8059,
36156,
34117,
30978,
27707,
24340,
20971,
17650,
14446,
11421,
8644,
6167,
4044,
2372,
1174,
542,
404,
388,
405,
1429,
2861,
4705,
6956,
9536,
36166,
35444,
32394,
29175,
25847,
22473,
19117,
15848,
12735,
9841,
7225,
4936,
3033,
1640,
742,
433,
385,
392,
671,
2181,
3834,
5913,
8352,
36152,
33769,
30614,
27327,
23955,
20588,
17273,
14087,
11091,
8343,
5906,
3828,
2187,
1061,
508,
402,
387,
416,
1572,
3037,
4935,
7224,
9836,
36156,
35106,
32036,
28800,
25466,
22090,
18745,
15487,
12396,
9529,
6949,
4697,
2854,
1504,
682,
427,
392,
394,
878,
2348,
4046,
6173,
8646,
37270,
39699,
42035,
44041,
45561,
46674,
47334,
47523,
47220,
46459,
45238,
43586,
41533,
39124,
36164,
33428,
30263,
26954,
23588,
20222,
16914,
13742,
10767,
8058,
5657,
3627,
2043,
977,
487,
402,
388,
434,
1726,
3238,
5182,
7515,
10162,
13081,
16211,
19498,
22853,
26221,
29548,
32748,
35773,
38556,
41032,
43164,
44906,
46235,
47099,
47493,
47412,
46852,
45834,
44357,
42483,
40228,
37644,
34772,
31677,
28432,
25086,
21711,
18375,
15132,
12066,
9229,
6683,
4474,
2697,
1382,
607,
373,
355,
376,
1152,
2520,
4268,
6432,
8944,
11752,
14800,
18023,
21353,
24724,
28080,
31339,
34453,
37352,
39971,
42268,
44158,
45697,
46766,
47369,
47500,
47160,
46341,
45065,
43362,
41271,
38823,
36074,
33073,
29884,
26579,
23203,
19840,
16543,
13393,
10448,
7768,
5407,
3365,
1898,
888,
464,
394,
391,
461,
1878,
3437,
5425,
7786,
10470,
13419,
16571,
19860,
23226,
26598,
29912,
33093,
36096,
38850,
41290,
43385,
45070,
46340,
47166,
47505,
47368,
46756,
45687,
44163,
42247,
39949,
37337,
34431,
31316,
28057,
24701,
21329,
17995,
14775,
11723,
8918,
6411,
4249,
2524,
1278,
553,
374,
360,
382,
1304,
2692,
4492,
6702,
9246,
12080,
15154,
18395,
21737,
25108,
28450,
31701,
34795,
37669,
40247,
42502,
44374,
45844,
46862,
47413,
47489,
47087,
46217,
44892,
43147,
41009,
38532,
35749,
32717,
29514,
26196,
22824,
19467,
16178,
13053,
10130,
7485,
5158,
3154,
1765,
813,
448,
393,
389,
551,
2033,
3638,
5673,
8077,
11025,
13765,
16936,
20238,
23605,
26977,
30281,
33448,
36422,
39139,
41546,
43592,
45236,
46462,
47226,
47516,
47324,
46658,
45535,
43969,
42006,
39672,
37014,
34088,
30959,
27679,
24315,
20944,
17619,
14417,
11391,
8620,
6150,
4029,
2356,
1169,
540,
407,
391,
409,
1425,
2867,
4708,
6968,
9538,
12412,
15508,
18763,
22107,
25484,
28826,
32055,
35127,
37966,
40514,
42727,
44604,
46029,
46985,
47480,
47493,
47034,
46107,
44729,
42936,
40752,
38236,
35423,
32368,
29146,
25820,
22439,
19085,
15818,
12710,
9819,
7205,
4920,
3022,
1632,
745,
433,
397,
391,
696,
2197,
3841,
5924,
8363,
11122,
14120,
17307,
20618,
23987,
27357,
30645,
33795,
36747,
39428,
41795,
43855,
45405,
46567,
47279,
47515,
47272,
46552,
45383,
43771,
41760,
39393,
36699,
33748,
30599,
27309,
23936,
20573,
17255,
14067,
11068,
8327,
5893,
3821,
2185,
1065,
508,
400,
393,
417,
1586,
3058,
4948,
7245,
9858,
12752,
15865,
19137,
22488,
25867,
29197,
32411,
35458,
38265,
40782,
42953,
44775,
46154,
47061,
47494,
47458,
46944,
45972,
44538,
42705,
40487,
37934,
35085,
32017,
28777,
25435,
22058,
18714,
15463,
12369,
9510,
6928,
4684,
2842,
1491,
677,
427,
389,
392,
888,
2357,
4054,
6182,
8661,
11437,
14468,
17669,
20999,
24367,
27728,
31001,
34129,
37051,
39704,
42032,
44039,
45558,
46667,
47327,
47508,
47205,
46445,
45221,
43566,
41510,
39098,
36131,
33399,
30228,
26926,
23552,
20185,
16884,
13710,
10739,
8032,
5633,
3603,
2024,
961,
481,
399,
387,
430,
1729,
3249,
5190,
7523,
10176,
13099,
16229,
19515,
22871,
26250,
29578,
32770,
35794,
38573,
41048,
43178,
44912,
46236,
47096,
47486,
47405,
46843,
45826,
44349,
42469,
40210,
37623,
34748,
31656,
28403,
25053,
21679,
18338,
15106,
12038,
9202,
6662,
4462,
2685,
1376,
602,
381,
349,
377,
1157,
2535,
4284,
6453,
8966,
11776,
14828,
18057,
21386,
24756,
28105,
31364,
34476,
37375,
39987,
42285,
44174,
45700,
46767,
47372,
47504,
47154,
46333,
45053,
43350,
41251,
38809,
36047,
33049,
29862,
26552,
23177,
19819,
16519,
13371,
10430,
7752,
5386,
3349,
1892,
886,
465,
396,
390,
463,
1881,
3440,
5431,
7804,
10485,
13441,
16590,
19892,
23250,
26619,
29931,
33112,
36112,
38859,
41301,
43387,
45067,
46345,
47157,
47507,
47363,
46750,
45673,
44151,
42230,
39930,
37305,
34406,
31291,
28030,
24670,
21299,
17970,
14745,
11704,
8898,
6393,
4238,
2514,
1265,
550,
375,
361,
382,
1301,
2697,
4497,
6715,
9264,
12102,
15173,
18414,
21753,
25126,
28477,
31724,
34813,
37679,
40254,
42507,
44381,
45840,
46860,
47408,
47487,
47079,
46204,
44884,
43131,
40994,
38510,
35726,
32693,
29486,
26168,
22790,
19435,
16154,
13026,
10107,
7461,
5137,
3138,
1753,
799,
446,
391,
392,
531,
2035,
3633,
5675,
8083,
11035,
13791,
16962,
20264,
23631,
26995,
30303,
33466,
36439,
39154,
41555,
43599,
45246,
46463,
47225,
47509,
47315,
46652,
45526,
43951,
41987,
39650,
36987,
34064,
30930,
27653,
24284,
20914,
17598,
14398,
11374,
8600,
6130,
4018,
2345,
1159,
535,
404,
390,
408,
1438,
2881,
4725,
6985,
9572,
12442,
15534,
18789,
22136,
25508,
28848,
32082,
35150,
37992,
40540,
42744,
44617,
46046,
46997,
47485,
47495,
47030,
46103,
44724,
42922,
40733,
38219,
35403,
32348,
29124,
25789,
22415,
19065,
15800,
12690,
9798,
7190,
4903,
3010,
1618,
734,
434,
387,
392,
679,
2196,
3852,
5941,
8378,
11138,
14136,
17323,
20640,
24007,
27373,
30659,
33800,
36749,
39439,
41804,
43858,
45407,
46572,
47276,
47511,
47263,
46545,
45367,
43755,
41740,
39366,
36670,
33718,
30567,
27274,
23909,
20546,
17230,
14049,
11051,
8304,
5875,
3805,
2178,
1055,
505,
403,
395,
417,
1594,
3071,
4972,
7265,
9884,
12779,
15883,
19165,
22517,
25892,
29219,
32433,
35480,
38292,
40795,
42968,
44785,
46167,
47066,
47499,
47461,
46945,
45966,
44532,
42686,
40466,
37916,
35065,
31990,
28752,
25414,
22039,
18698,
15442,
12356,
9491,
6913,
4672,
2835,
1487,
671,
422,
389,
395,
913,
2370,
4073,
6199,
8676,
11462,
14486,
17702,
21020,
24390,
27753,
31023,
34153,
37076,
39724,
42049,
44054,
45567,
46675,
47333,
47512,
47205,
46439,
45214,
43550,
41500,
39078,
36116,
33380,
30208,
26909,
23528,
20170,
16866,
13696,
10726,
8022,
5623,
3595,
2018,
962,
482,
399,
390,
432,
1747,
3256,
5208,
7545,
10193,
13114,
16251,
19538,
22894,
26263,
29588,
32786,
35810,
38588,
41061,
43192,
44923,
46244,
47099,
47493,
47402,
46840,
45813,
44330,
42454,
40186,
37600,
34725,
31633,
28387,
25034,
21660,
18321,
15080,
12020,
9189,
6647,
4447,
2674,
1371,
600,
381,
361,
373,
1168,
2548,
4295,
6471,
8980,
11796,
14844,
18076,
21407,
24776,
28133,
31389,
34495,
37393,
40008,
42295,
44189,
45713,
46782,
47381,
47504,
47149,
46326,
45052,
43338,
41238,
38791,
36032,
33030,
29849,
26528,
23156,
19796,
16502,
13351,
10410,
7732,
5372,
3337,
1879,
871,
459,
396,
392,
470,
1900,
3458,
5454,
7826,
10513,
13465,
16621,
19913,
23277,
26646,
29958,
33141,
36141,
38885,
41321,
43407,
45092,
46362,
47169,
47505,
47362,
46743,
45666,
44143,
42219,
39916,
37289,
34392,
31272,
28009,
24652,
21280,
17950,
14726,
11682,
8883,
6376,
4220,
2498,
1251,
551,
370,
359,
380,
1325,
2714,
4514,
6735,
9289,
12127,
15199,
18442,
21782,
25158,
28504,
31742,
34837,
37709,
40288,
42527,
44399,
45861,
46871,
47417,
47484,
47077,
46203,
44874,
43117,
40978,
38499,
35710,
32678,
29472,
26150,
22775,
19417,
16142,
13009,
10093,
7452,
5129,
3124,
1745,
803,
449,
393,
391,
562,
2054,
3665,
5705,
8111,
11071,
13820,
16986,
20295,
23659,
27026,
30331,
33495,
36465,
39182,
41583,
43622,
45258,
46478,
47234,
47511,
47318,
46649,
45523,
43948,
41970,
39632,
36977,
34048,
30911,
27636,
24270,
20901,
17578,
14372,
11352,
8583,
6114,
4004,
2337,
1153,
537,
406,
391,
410,
1449,
2895,
4748,
7004,
9591,
12458,
15557,
18816,
22165,
25534,
28873,
32105,
35178,
38012,
40554,
42762,
44622,
46053,
46993,
47477,
47494,
47023,
46096,
44707,
42903,
40725,
38203,
35386,
32329,
29104,
25777,
22397,
19050,
15778,
12670,
9777,
7172,
4891,
2998,
1617,
739,
432,
390,
394,
724,
2218,
3878,
5962,
8407,
11165,
14160,
17352,
20675,
24040,
27407,
30689,
33842,
36783,
39466,
41828,
43883,
45432,
46588,
47289,
47519,
47265,
46541,
45365,
43745,
41735,
39353,
36663,
33708,
30548,
27254,
23891,
20527,
17210,
14026,
11029,
8294,
5858,
3796,
2170,
1059,
502,
403,
391,
416,
1607,
3079,
4982,
7280,
9901,
12800,
15915,
19185,
22541,
25912,
29248,
32464,
35508,
38309,
40821,
42982,
44804,
46169,
47070,
47501,
47456,
46934,
45953,
44520,
42675,
40454,
37898,
35044,
31970,
28728,
25390,
22013,
18670,
15418,
12328,
9470,
6903,
4659,
2825,
1478,
674,
423,
388,
399,
935,
2378,
4087,
6218,
8703,
11489,
14517,
17721,
21047,
24418,
27786,
31055,
34187,
37103,
39744,
42069,
44074,
45585,
46692,
47338,
47512,
47212,
46434,
45206,
43538,
41482,
39069,
36101,
33360,
30188,
26884,
23512,
20149,
16844,
13684,
10717,
8007,
5610,
3595,
2012,
965,
484,
397,
396,
443,
1761,
3279,
5220,
7567,
10216,
13145,
16276,
19568,
22929,
26298,
29617,
32818,
35837,
38614,
41084,
43207,
44938,
46258,
47108,
47494,
47399,
46838,
45804,
44327,
42444,
40170,
37583,
34705,
31609,
28360,
25003,
21635,
18294,
15057,
11993,
9160,
6630,
4430,
2664,
1364,
598,
380,
359,
374,
1175,
2559,
4310,
6482,
8994,
11815,
14866,
18099,
21428,
24802,
28150,
31417,
34521,
37412,
40024,
42312,
44202,
45727,
46780,
47380,
47500,
47143,
46318,
45033,
43324,
41222,
38776,
36009,
33004,
29820,
26503,
23130,
19769,
16477,
13328,
10387,
7717,
5360,
3329,
1879,
877,
463,
405,
396,
473,
1906,
3472,
5468,
7841,
10529,
13487,
16644,
19940,
23301,
26669,
29984,
33163,
36155,
38905,
41334,
43421,
45098,
46368,
47169,
47503,
47359,
46740,
45659,
44129,
42202,
39898,
37273,
34362,
31247,
27979,
24626,
21254,
17924,
14704,
11664,
8864,
6364,
4211,
2491,
1253,
548,
372,
359,
384,
1327,
2729,
4532,
6752,
9305,
12148,
15224,
18466,
21803,
25183,
28529,
31771,
34860,
37720,
40295,
42540,
44407,
45863,
46868,
47421,
47484,
47076,
46197,
44859,
43107,
40967,
38482,
35684,
32653,
29449,
26124,
22745,
19388,
16108,
12984,
10076,
7436,
5113,
3116,
1740,
801,
444,
391,
389,
555,
2061,
3672,
5719,
8130,
11087,
13839,
17013,
20316,
23681,
27046,
30347,
33518,
36479,
39196,
41593,
43633,
45271,
46479,
47237,
47518,
47316,
46645,
45511,
43938,
41961,
39623,
36951,
34028,
30888,
27608,
24243,
20871,
17548,
14354,
11335,
8566,
6098,
3985,
2326,
1145,
526,
406,
389,
408,
1459,
2902,
4761,
7020,
9611,
12482,
15580,
18834,
22189,
25558,
28893,
32120,
35193,
38026,
40566,
42770,
44630,
46047,
46998,
47482,
47493,
47015,
46084,
44695,
42892,
40702,
38176,
35353,
32296,
29074,
25744,
22369,
19014,
15754,
12643,
9756,
7153,
4871,
2985,
1600,
724,
425,
391,
398,
704,
2224,
3884,
5976,
8424,
11184,
14186,
17376,
20692,
24056,
27426,
30712,
33858,
36800,
39476,
41837,
43890,
45431,
46591,
47290,
47517,
47264,
46535,
45351,
43731,
41720,
39335,
36635,
33683,
30527,
27229,
23861,
20498,
17184,
14002,
11012,
8268,
5840,
3777,
2156,
1046,
508,
399,
390,
423,
1619,
3091,
4996,
7303,
9921,
12825,
15938,
19214,
22566,
25940,
29270,
32485,
35527,
38328,
40832,
42998,
44818,
46190,
47079,
47510,
47465,
46938,
45954,
44517,
42672,
40439,
37879,
35025,
31948,
28709,
25366,
21994,
18650,
15396,
12313,
9453,
6883,
4641,
2809,
1464,
668,
425,
389,
396,
926,
2389,
4099,
6234,
8717,
11505,
14537,
17742,
21067,
24438,
27803,
31074,
34200,
37113,
39758,
42079,
44079,
45586,
46692,
47338,
47510,
47203,
46421,
45188,
43525,
41460,
39040,
36068,
33333,
30157,
26852,
23483,
20119,
16816,
13655,
10684,
7985,
5585,
3572,
2001,
944,
481,
393,
389,
435,
1766,
3286,
5238,
7582,
10238,
13160,
16304,
19587,
22941,
26317,
29635,
32835,
35849,
38629,
41098,
43218,
44945,
46260,
47108,
47490,
47398,
46825,
45797,
44315,
42425,
40154,
37560,
34680,
31582,
28331,
24983,
21610,
18273,
15038,
11971,
9141,
6606,
4411,
2650,
1353,
592,
380,
351,
372,
1176,
2559,
4317,
6497,
9017,
11832,
14886,
18114,
21444,
24822,
28173,
31429,
34535,
37427,
40030,
42315,
44205,
45727,
46784,
47382,
47489,
47129,
46305,
45019,
43306,
41200,
38746,
35980,
32978,
29790,
26478,
23101,
19747,
16452,
13306,
10365,
7695,
5339,
3308,
1865,
865,
452,
390,
386,
471,
1915,
3480,
5479,
7864,
10548,
13509,
16660,
19958,
23322,
26697,
30002,
33183,
36174,
38922,
41355,
43436,
45110,
46374,
47176,
47506,
47360,
46729,
45644,
44118,
42186,
39875,
37246,
34338,
31225,
27963,
24600,
21229,
17902,
14680,
11642,
8839,
6340,
4185,
2481,
1244,
541,
373,
358,
383,
1337,
2732,
4544,
6769,
9330,
12166,
15242,
18486,
21833,
25203,
28545,
31786,
34880,
37738,
40317,
42555,
44420,
45873,
46875,
47416,
47485,
47071,
46185,
44849,
43083,
40941,
38450,
35662,
32624,
29426,
26100,
22723,
19368,
16090,
12963,
10050,
7415,
5101,
3107,
1729,
793,
449,
389,
397,
573,
2070,
3686,
5729,
8151,
11109,
13862,
17043,
20350,
23714,
27078,
30372,
33538,
36509,
39218,
41613,
43646,
45282,
46493,
47244,
47516,
47313,
46638,
45499,
43920,
41941,
39598,
36937,
34010,
30870,
27585,
24219,
20854,
17530,
14331,
11313,
8544,
6081,
3977,
2317,
1134,
526,
405,
393,
408,
1464,
2909,
4765,
7035,
9619,
12495,
15592,
18854,
22209,
25584,
28913,
32148,
35218,
38051,
40588,
42783,
44649,
46067,
47006,
47483,
47489,
47010,
46074,
44681,
42871,
40680,
38158,
35333,
32273,
29052,
25723,
22344,
18993,
15730,
12620,
9734,
7132,
4857,
2979,
1597,
727,
432,
389,
395,
740,
2235,
3900,
5992,
8441,
11207,
14202,
17399,
20718,
24083,
27445,
30733,
33881,
36822,
39497,
41856,
43902,
45446,
46602,
47297,
47513,
47258,
46528,
45338,
43715,
41698,
39321,
36617,
33659,
30498,
27207,
23842,
20479,
17163,
13984,
10997,
8258,
5834,
3770,
2149,
1048,
502,
399,
391,
429,
1628,
3110,
5014,
7321,
9947,
12845,
15963,
19233,
22583,
25964,
29296,
32505,
35549,
38351,
40854,
43018,
44825,
46193,
47081,
47512,
47454,
46927,
45944,
44499,
42649,
40419,
37858,
35003,
31926,
28684,
25344,
21960,
18625,
15373,
12287,
9431,
6863,
4627,
2800,
1468,
668,
424,
392,
397,
958,
2400,
4114,
6254,
8742,
11527,
14556,
17771,
21096,
24467,
27823,
31098,
34225,
37145,
39783,
42101,
44096,
45601,
46699,
47346,
47514,
47203,
46422,
45181,
43513,
41451,
39028,
36056,
33324,
30145,
26835,
23465,
20101,
16791,
13632,
10669,
7968,
5577,
3557,
1998,
945,
477,
397,
385,
441,
1774,
3296,
5250,
7595,
10255,
13179,
16321,
19604,
22968,
26339,
29661,
32854,
35869,
38646,
41111,
43227,
44956,
46266,
47111,
47489,
47389,
46815,
45784,
44297,
42405,
40135,
37541,
34662,
31558,
28304,
24947,
21582,
18250,
15012,
11949,
9120,
6590,
4403,
2640,
1348,
589,
374,
357,
378,
1194,
2581,
4340,
6525,
9046,
11856,
14916,
18145,
21482,
24854,
28200,
31461,
34565,
37455,
40056,
42346,
44224,
45743,
46804,
47393,
47499,
47137,
46306,
45017,
43301,
41197,
38738,
35973,
32963,
29773,
26459,
23084,
19722,
16434,
13286,
10352,
7681,
5334,
3307,
1860,
859,
460,
390,
390,
480,
1931,
3497,
5499,
7887,
10580,
13535,
16691,
19988,
23353,
26721,
30033,
33210,
36201,
38943,
41372,
43447,
45122,
46382,
47178,
47506,
47357,
46730,
45645,
44105,
42174,
39863,
37236,
34327,
31202,
27938,
24573,
21204,
17877,
14657,
11620,
8823,
6327,
4179,
2470,
1240,
542,
375,
363,
387,
1350,
2751,
4562,
6790,
9348,
12195,
15271,
18516,
21858,
25233,
28575,
31815,
34901,
37763,
40335,
42572,
44432,
45880,
46881,
47419,
47481,
47065,
46190,
44846,
43079,
40934,
38438,
35644,
32615,
29399,
26080,
22700,
19344,
16065,
12939,
10030,
7400,
5085,
3094,
1719,
786,
444,
391,
394,
567,
2081,
3704,
5753,
8165,
11127,
13881,
17058,
20368,
23731,
27102,
30397,
33555,
36522,
39230,
41625,
43655,
45287,
46492,
47232,
47507,
47302,
46623,
45486,
43904,
41925,
39579,
36912,
33978,
30842,
27563,
24202,
20827,
17504,
14307,
11294,
8529,
6068,
3963,
2309,
1133,
529,
401,
390,
409,
1479,
2930,
4790,
7055,
9648,
12531,
15629,
18889,
22236,
25617,
28950,
32175,
35244,
38072,
40607,
42809,
44663,
46073,
47007,
47484,
47486,
47013,
46071,
44677,
42865,
40672,
38147,
35318,
32260,
29031,
25702,
22328,
18980,
15706,
12612,
9725,
7123,
4845,
2968,
1588,
718,
431,
395,
396,
733,
2241,
3906,
6008,
8460,
11226,
14226,
17425,
20739,
24105,
27472,
30753,
33905,
36843,
39512,
41870,
43909,
45449,
46601,
47295,
47514,
47253,
46521,
45329,
43706,
41683,
39298,
36598,
33636,
30478,
27184,
23816,
20452,
17135,
13961,
10970,
8237,
5810,
3748,
2129,
1036,
498,
398,
394,
422,
1625,
3108,
5021,
7331,
9958,
12861,
15977,
19256,
22613,
25986,
29313,
32527,
35569,
38367,
40868,
43030,
44836,
46197,
47088,
47506,
47457,
46922,
45930,
44488,
42633,
40395,
37832,
34979,
31898,
28656,
25313,
21933,
18596,
15348,
12265,
9411,
6846,
4608,
2778,
1449,
654,
419,
391,
396,
946,
2406,
4123,
6264,
8753,
11549,
14578,
17792,
21117,
24486,
27847,
31117,
34240,
37155,
39794,
42112,
44101,
45607,
46703,
47348,
47511,
47199,
46410,
45170,
43499,
41431,
39004,
36035,
33295,
30114,
26808,
23437,
20075,
16775,
13608,
10648,
7945,
5559,
3550,
1980,
939,
474,
397,
389,
440,
1781,
3310,
5265,
7615,
10273,
13205,
16343,
19631,
22989,
26367,
29683,
32880,
35895,
38662,
41128,
43245,
44970,
46276,
47117,
47490,
47386,
46817,
45772,
44283,
42391,
40123,
37520,
34636,
31537,
28280,
24930,
21556,
18224,
14992,
11928,
9104,
6572,
4387,
2626,
1338,
584,
375,
357,
371,
1200,
2586,
4348,
6527,
9058,
11876,
14928,
18160,
21503,
24869,
28221,
31477,
34586,
37470,
40072,
42347,
44231,
45749,
46802,
47386,
47496,
47129,
46291,
45000,
43281,
41171,
38707,
35937,
32931,
29737,
26428,
23057,
19697,
16404,
13260,
10326,
7655,
5307,
3284,
1845,
856,
458,
393,
391,
480,
1929,
3507,
5512,
7897,
10589,
13552,
16715,
20003,
23370,
26747,
30054,
33233,
36220,
38959,
41389,
43462,
45132,
46394,
47181,
47515,
47352,
46715,
45632,
44089,
42155,
39845,
37207,
33188,
31154,
27826,
24555,
21181,
17851,
14636,
11594,
8806,
6310,
4164,
2461,
1226,
539,
374,
361,
387,
1357,
2761,
4575,
6804,
9364,
13377,
15306,
20153,
21872,
25255,
28593,
31835,
34919,
37774,
40349,
42585,
44448,
45894,
46891,
47424,
47480,
47063,
46178,
44827,
43063,
40908,
38412,
35616,
32014,
29383,
26049,
22677,
19319,
16040,
12913,
10006,
7374,
5055,
3075,
1707,
780,
440,
392,
392,
568,
2090,
3709,
5765,
8180,
11139,
13929,
17086,
20389,
23749,
27121,
30414,
33571,
36540,
39246,
41638,
43665,
45299,
46496,
47242,
47512,
47302,
46615,
45479,
43895,
41908,
39560,
36889,
33890,
30117,
27538,
24167,
20802,
17477,
14284,
11264,
8505,
6048,
3946,
2296,
1133,
524,
403,
386,
411,
1496,
2943,
4807,
7077,
9672,
12550,
15724,
18906,
22254,
25632,
28966,
32194,
35256,
38082,
40617,
42812,
44666,
46081,
47021,
47487,
47487,
47002,
46055,
44664,
42849,
40656,
38121,
35294,
32168,
29006,
25673,
22294,
18947,
15681,
12578,
9698,
7098,
4826,
2951,
1580,
721,
430,
391,
394,
776,
2259,
3928,
6028,
8480,
11255,
14575,
17459,
20774,
24139,
27504,
30786,
33929,
36870,
39539,
41889,
43929,
45466,
46610,
47302,
47515,
47248,
46514,
45320,
43687,
41663,
39276,
36578,
33222,
30459,
27161,
23790,
20425,
17114,
13935,
10948,
8215,
5791,
3732,
2119,
1023,
494,
400,
385,
424,
1632,
3120,
5032,
7338,
9972,
13276,
16014,
19282,
22633,
26010,
29342,
32550,
35587,
38385,
40887,
43040,
44835,
46199,
47081,
47503,
47446,
46910,
45916,
44469,
42612,
40375,
37813,
34953,
31881,
28629,
25288,
21911,
18572,
15320,
12245,
9388,
6824,
4592,
2762,
1442,
651,
418,
389,
397,
954,
2412,
4128,
6276,
8764,
11564,
14590,
17799,
21139,
24506,
27866,
31139,
34259,
37174,
39812,
42124,
44113,
45612,
46706,
47341,
47502,
47184,
46395,
45151,
43469,
41407,
38982,
35998,
33262,
30079,
26776,
23400,
20041,
16736,
13571,
10615,
7916,
5530,
3522,
1964,
928,
467,
398,
387,
436,
1784,
3312,
5276,
7627,
10283,
13245,
16358,
19647,
23005,
26383,
29702,
32894,
35910,
38678,
41137,
43257,
44968,
46274,
47119,
47495,
47382,
46803,
45759,
44268,
42373,
40101,
37498,
34617,
31447,
28258,
24905,
21534,
18201,
14964,
11905,
9083,
6555,
4365,
2615,
1332,
577,
378,
359,
377,
1213,
2600,
4365,
6547,
9075,
11895,
15019,
18192,
21523,
24898,
28248,
31507,
34609,
37487,
40092,
42368,
44245,
45759,
46805,
47387,
47491,
47115,
46281,
44985,
43268,
41156,
38691,
35927,
30741,
29723,
26412,
23032,
19674,
16385,
13248,
10308,
7645,
5296,
3277,
1837,
851,
455,
395,
391,
493,
1945,
3520,
5533,
7916,
10609,
13932,
16746,
20040,
23399,
26769,
30077,
33255,
36244,
38975,
41402,
43476,
45140,
46396,
47185,
47505,
47347,
46711,
45618,
44076,
42136,
39820,
37191,
33859,
31166,
27900,
24533,
21159,
17836,
14619,
11583,
8789,
6297,
4150,
2452,
1228,
540,
374,
359,
386,
1369,
2775,
4591,
6817,
9388,
12234,
15321,
18558,
21911,
25284,
28626,
31860,
34946,
37801,
40372,
42602,
44459,
45896,
46890,
47423,
47471,
47053,
46161,
44819,
43045,
40893,
38398,
35598,
32546,
29371,
26040,
22658,
19303,
16029,
12903,
9994,
7362,
5059,
3074,
1708,
780,
436,
390,
388,
608,
2105,
3725,
5783,
8206,
11162,
13913,
17089,
20413,
23782,
27153,
30440,
33601,
36568,
39274,
41658,
43688,
45317,
46509,
47251,
47517,
47305,
46615,
45473,
43891,
41900,
39550,
36878,
33891,
30804,
27517,
24159,
20783,
17464,
14272,
11256,
8498,
6047,
3949,
2298,
1129,
529,
403,
389,
413,
1505,
2959,
4825,
7098,
9693,
12571,
15762,
18937,
22289,
25663,
28997,
32222,
35282,
38109,
40640,
42832,
44683,
46094,
47028,
47487,
47484,
46998,
46056,
44653,
42836,
40641,
38106,
35274,
32158,
28982,
25645,
22276,
18930,
15661,
12565,
9685,
7088,
4816,
2946,
1576,
714,
427,
391,
394,
791,
2268,
3939,
6043,
8497,
11268,
14588,
17484,
20793,
24161,
27535,
30811,
33948,
36889,
39556,
41906,
43941,
45476,
46620,
47308,
47514,
47253,
46517,
45316,
43684,
41649,
39263,
36560,
33231,
30437,
27141,
23771,
20405,
17092,
13917,
10929,
8202,
5781,
3725,
2120,
1023,
494,
401,
389,
419,
1649,
3141,
5064,
7375,
10003,
12915,
16034,
19313,
22667,
26040,
29367,
32578,
35613,
38410,
40911,
43058,
44859,
46217,
47095,
47516,
47453,
46919,
45921,
44469,
42609,
40370,
37801,
34949,
30794,
28620,
25276,
21897,
18557,
15308,
12231,
9380,
6814,
4587,
2768,
1446,
653,
424,
400,
395,
1000,
2435,
4156,
6303,
8800,
11590,
14628,
17843,
21170,
24539,
27899,
31170,
34287,
37201,
39833,
42149,
44130,
45626,
46721,
47357,
47510,
47189,
46399,
45152,
43473,
41402,
38971,
35993,
33248,
30068,
26761,
23386,
20023,
16722,
13561,
10601,
7908,
5527,
3521,
1964,
928,
476,
394,
389,
445,
1806,
3337,
5304,
7654,
10320,
13251,
16391,
19684,
23040,
26412,
29729,
32923,
35939,
38697,
41162,
43269,
44988,
46288,
47129,
47495,
47391,
46801,
45761,
44263,
42365,
40089,
37480,
34593,
31490,
28239,
24886,
21514,
18177,
14950,
11887,
9066,
6541,
4360,
2610,
1321,
580,
378,
359,
377,
1229,
2611,
4385,
6575,
9102,
11924,
14985,
18217,
21549,
24922,
28273,
31523,
34628,
37509,
40102,
42377,
44260,
45774,
46814,
47391,
47495,
47124,
46283,
44980,
43253,
41138,
38680,
35905,
32891,
29695,
26381,
23012,
19650,
16361,
13220,
10291,
7627,
5278,
3259,
1821,
841,
452,
396,
392,
492,
1955,
3533,
5550,
7939,
10636,
13602,
16759,
20063,
23421,
26792,
30100,
33280,
36265,
38996,
41419,
43485,
45151,
46406,
47195,
47508,
47347,
46710,
45614,
44067,
42126,
39811,
37166,
34259,
31138,
27869,
24505,
21137,
17805,
14594,
11563,
8764,
6278,
4139,
2442,
1218,
537,
373,
362,
388,
1380,
2790,
4610,
6837,
9399,
12250,
15334,
18587,
21928,
25301,
28644,
31883,
34966,
37820,
40379,
42615,
44473,
45909,
46900,
47424,
47477,
47050,
46154,
44804,
43028,
40876,
38378,
35580,
32541,
29327,
26006,
22628,
19274,
16000,
12875,
9972,
7342,
5034,
3061,
1698,
770,
432,
395,
394,
596,
2116,
3745,
5799,
8221,
11192,
13944,
17133,
20439,
23800,
27170,
30465,
33622,
36586,
39289,
41676,
43695,
45325,
46519,
47256,
47519,
47296,
46610,
45456,
43868,
41881,
39530,
36849,
33914,
30773,
27486,
24126,
20754,
17438,
14239,
11230,
8464,
6015,
3917,
2271,
1109,
525,
397,
389,
410,
1505,
2964,
4831,
7109,
9707,
12586,
15692,
18954,
22303,
25677,
29009,
32237,
35296,
38116,
40648,
42843,
44689,
46090,
47022,
47484,
47476,
46990,
46035,
44639,
42816,
40612,
38081,
35246,
32185,
28958,
25622,
22248,
18898,
15631,
12538,
9659,
7066,
4793,
2923,
1560,
703,
429,
393,
394,
781,
2273,
3949,
6057,
8509,
11285,
14294,
17495,
20811,
24179,
27542,
30825,
33964,
36903,
39569,
41921,
43956,
45484,
46621,
47302,
47513,
47245,
46500,
45301,
43658,
41631,
39241,
36533,
33572,
30409,
27111,
23744,
20374,
17064,
13885,
10901,
8179,
5756,
3706,
2104,
1012,
494,
399,
388,
421,
1660,
3151,
5070,
7385,
10018,
12930,
16052,
19328,
22678,
26055,
29382,
32591,
35633,
38423,
40923,
43071,
44868,
46218,
47094,
47511,
47448,
46907,
45904,
44446,
42588,
40343,
37775,
34916,
31830,
28590,
25242,
21868,
18533,
15280,
12200,
9352,
6791,
4574,
2752,
1435,
647,
423,
391,
395,
995,
2446,
4171,
6322,
8813,
11611,
14655,
17867,
21195,
24565,
27924,
31195,
34314,
37223,
39856,
42168,
44152,
45643,
46728,
47359,
47512,
47186,
46391,
45136,
43458,
41383,
38961,
35976,
33231,
30049,
26741,
23363,
20002,
16702,
13544,
10582,
7891,
5507,
3511,
1959,
924,
470,
398,
393,
443,
1816,
3345,
5316,
7670,
10330,
13275,
16417,
19702,
23065,
26436,
29757,
32948,
35959,
38726,
41181,
43288,
45002,
46300,
47133,
47500,
47384,
46797,
45749,
44247,
42345,
40064,
37465,
34570,
31467,
28210,
24858,
21491,
18152,
14922,
11867,
9044,
6525,
4341,
2596,
1316,
576,
373,
353,
372,
1243,
2622,
4397,
6583,
9118,
11942,
15004,
18239,
21568,
24949,
28300,
31551,
34656,
37532,
40129,
42400,
44273,
45781,
46819,
47399,
47499,
47118,
46270,
44965,
43240,
41121,
38654,
35885,
32869,
29672,
26357,
22980,
19625,
16333,
13195,
10261,
7604,
5265,
3250,
1816,
845,
450,
389,
390,
501,
1965,
3548,
5563,
7953,
10657,
13618,
16781,
20082,
23446,
26811,
30121,
33299,
36279,
39015,
41436,
43505,
45166,
46409,
47195,
47505,
47344,
46701,
45598,
44057,
42106,
39795,
37148,
34238,
31109,
27840,
24479,
21110,
17781,
14568,
11538,
8747,
6260,
4126,
2431,
1214,
536,
369,
361,
388,
1395,
2795,
4622,
6853,
9424,
12276,
15358,
18613,
21952,
25327,
28668,
31904,
34990,
37839,
40400,
42632,
44480,
45919,
46908,
47429,
47471,
47041,
46148,
44797,
43022,
40857,
38362,
35561,
32516,
29303,
25979,
22604,
19241,
15970,
12847,
9946,
7322,
5016,
3042,
1689,
768,
440,
392,
392,
589,
2117,
3748,
5809,
8238,
11205,
13965,
17144,
20457,
23822,
27190,
30484,
33644,
36597,
39297,
41680,
43702,
45322,
46519,
47251,
47505,
47283,
46589,
45438,
43850,
41864,
39505,
36828,
33887,
30744,
27456,
24089,
20720,
17405,
14214,
11199,
8440,
5990,
3900,
2258,
1104,
514,
396,
392,
408,
1510,
2970,
4838,
7123,
9726,
12605,
15710,
18975,
22327,
25704,
29032,
32259,
35317,
38138,
40666,
42851,
44701,
46113,
47032,
47493,
47481,
46989,
46037,
44624,
42806,
40600,
38066,
35231,
32164,
28938,
25598,
22220,
18870,
15610,
12512,
9633,
7045,
4781,
2911,
1552,
705,
429,
394,
399,
788,
2281,
3963,
6071,
8526,
11306,
14316,
17515,
20835,
24203,
27571,
30844,
33987,
36924,
39586,
41936,
43961,
45488,
46625,
47306,
47513,
47239,
46494,
45292,
43651,
41623,
39223,
36513,
33545,
30385,
27087,
23713,
20348,
17040,
13867,
10880,
8159,
5745,
3695,
2094,
1004,
489,
405,
389,
428,
1667,
3160,
5085,
7405,
10039,
12956,
16077,
19360,
22714,
26086,
29406,
32610,
35646,
38442,
40935,
43078,
44876,
46230,
47098,
47505,
47445,
46902,
45901,
44440,
42578,
40331,
37760,
34896,
31810,
28562,
25223,
21844,
18505,
15253,
12182,
9332,
6776,
4556,
2741,
1422,
642,
419,
387,
394,
1005,
2454,
4179,
6332,
8830,
11631,
14669,
17890,
21219,
24594,
27944,
31213,
34331,
37241,
39870,
42179,
44152,
45646,
46727,
47361,
47509,
47181,
46383,
45130,
43444,
41369,
38936,
35953,
33203,
30021,
26713,
23339,
19981,
16679,
13520,
10566,
7874,
5491,
3493,
1941,
915,
462,
396,
384,
448,
1821,
3358,
5329,
7691,
10359,
13297,
16442,
19726,
23090,
26462,
29787,
32973,
35982,
38741,
41198,
43304,
45014,
46306,
47143,
47510,
47388,
46796,
45740,
44242,
42335,
40053,
37448,
34555,
31448,
28190,
24836,
21461,
18128,
14903,
11849,
9028,
6512,
4328,
2586,
1310,
568,
374,
353,
373,
1249,
2622,
4406,
6608,
9138,
11963,
15024,
18259,
21597,
24966,
28317,
31573,
34670,
37553,
40139,
42413,
44282,
45786,
46825,
47400,
47494,
47113,
46260,
44957,
43222,
41103,
38637,
35866,
32853,
29651,
26336,
22958,
19605,
16315,
13178,
10250,
7593,
5252,
3242,
1810,
838,
449,
397,
391,
504,
1977,
3564,
5575,
7973,
10682,
13644,
16809,
20109,
23477,
26843,
30148,
33323,
36305,
39036,
41454,
43514,
45175,
46415,
47206,
47511,
47343,
46697,
45594,
44046,
42098,
39774,
37133,
34216,
31091,
27817,
24454,
21088,
17761,
14548,
11514,
8726,
6249,
4113,
2421,
1202,
524,
368,
365,
390,
1398,
2810,
4634,
6876,
9438,
12295,
15382,
18632,
21974,
25351,
28687,
31926,
35009,
37857,
40417,
42646,
44498,
45926,
46910,
47431,
47475,
47043,
46140,
44778,
43008,
40848,
38342,
35535,
32490,
29278,
25953,
22579,
19221,
15954,
12830,
9929,
7307,
5003,
3032,
1681,
763,
439,
387,
392,
611,
2136,
3766,
5828,
8257,
11231,
13987,
17173,
20486,
23845,
27223,
30515,
33664,
36625,
39324,
41699,
43720,
45343,
46538,
47263,
47514,
47290,
46593,
45439,
43845,
41848,
39490,
36813,
33868,
30726,
27436,
24075,
20706,
17388,
14195,
11187,
8430,
5982,
3890,
2254,
1101,
520,
399,
386,
413,
1528,
2987,
4861,
7136,
9747,
12629,
15735,
19002,
22344,
25728,
29060,
32282,
35336,
38159,
40686,
42871,
44712,
46117,
47037,
47491,
47480,
46979,
46023,
44614,
42785,
40582,
38042,
35208,
32144,
28911,
25578,
22199,
18848,
15590,
12494,
9617,
7031,
4772,
2906,
1548,
702,
429,
390,
391,
819,
2300,
3978,
6088,
8556,
11328,
14336,
17542,
20860,
24228,
27591,
30868,
34009,
36942,
39609,
41955,
43978,
45505,
46634,
47312,
47515,
47237,
46487,
45282,
43634,
41600,
39201,
36494,
33524,
30362,
27067,
23695,
20326,
17019,
13844,
10862,
8142,
5731,
3687,
2087,
1006,
497,
400,
390,
429,
1688,
3181,
5104,
7424,
10060,
12971,
16101,
19382,
22734,
26105,
29438,
32638,
35668,
38470,
40951,
43100,
44889,
46238,
47107,
47512,
47440,
46890,
45889,
44428,
42558,
40307,
37737,
34875,
31787,
28539,
25195,
21826,
18483,
15236,
12160,
9312,
6763,
4539,
2726,
1417,
637,
419,
388,
396,
1027,
2466,
4204,
6355,
8850,
11654,
14692,
17915,
21243,
24610,
27965,
31236,
34359,
37261,
39889,
42193,
44172,
45662,
46741,
47365,
47510,
47180,
46377,
45118,
43430,
41355,
38917,
35937,
33183,
30001,
26687,
23316,
19956,
16655,
13502,
10541,
7858,
5478,
3488,
1938,
913,
470,
394,
387,
458,
1839,
3377,
5347,
7717,
10379,
13323,
16468,
19758,
23120,
26493,
29807,
32999,
36006,
38762,
41215,
43315,
45031,
46319,
47145,
47504,
47380,
46786,
45732,
44228,
42319,
40037,
37429,
34539,
31430,
28171,
24816,
21443,
18109,
14882,
11834,
9009,
6497,
4320,
2573,
1305,
574,
379,
359,
378,
1266,
2648,
4427,
6627,
9164,
11991,
15058,
18293,
21629,
25005,
28349,
31598,
34698,
37578,
40170,
42430,
44299,
45797,
46834,
47403,
47498,
47113,
46257,
44946,
43214,
41092,
38627,
35848,
32832,
29633,
26310,
22936,
19578,
16287,
13158,
10230,
7567,
5231,
3223,
1803,
825,
448,
393,
390,
506,
1984,
3572,
5595,
7988,
10693,
13661,
16828,
20126,
23485,
26860,
30165,
33337,
36320,
39050,
41467,
43526,
45182,
46426,
47203,
47509,
47335,
46686,
45577,
44026,
42073,
39757,
37112,
34195,
31065,
27794,
24431,
21061,
17732,
14521,
11493,
8705,
6225,
4094,
2406,
1198,
526,
372,
358,
388,
1402,
2818,
4650,
6888,
9460,
12314,
15407,
18656,
21994,
25378,
28713,
31950,
35027,
37873,
40431,
42658,
44501,
45930,
46911,
47429,
47464,
47024,
46122,
44765,
42981,
40820,
38317,
35510,
32461,
29254,
25924,
22549,
19200,
15926,
12805,
9910,
7285,
4983,
3020,
1673,
760,
438,
396,
391,
615,
2141,
3781,
5843,
8276,
11245,
14008,
17198,
20501,
23871,
27241,
30538,
33687,
36642,
39338,
41719,
43730,
45349,
46535,
47258,
47507,
47279,
46582,
45418,
43827,
41831,
39472,
36791,
33846,
30703,
27411,
24046,
20673,
17357,
14170,
11164,
8414,
5966,
3880,
2245,
1097,
519,
404,
392,
416,
1538,
2995,
4879,
7158,
9768,
12650,
15755,
19029,
22378,
25753,
29082,
32304,
35360,
38179,
40702,
42889,
44725,
46122,
47043,
47490,
47475,
46975,
46013,
44597,
42770,
40559,
38022,
35179,
32118,
28889,
25548,
22173,
18824,
15566,
12469,
9598,
7010,
4749,
2888,
1537,
693,
423,
394,
389,
803,
2307,
3987,
6100,
8566,
11349,
14359,
17564,
20884,
24253,
27619,
30896,
34028,
36956,
39618,
41965,
43987,
45506,
46633,
47308,
47509,
47226,
46477,
45265,
43622,
41584,
39177,
36468,
33497,
30334,
27038,
23663,
20302,
16993,
13820,
10842,
8122,
5713,
3677,
2077,
993,
486,
398,
389,
426,
1692,
3193,
5119,
7444,
10078,
12992,
16124,
19400,
22762,
26128,
29452,
32664,
35690,
38481,
40966,
43110,
44907,
46246,
47107,
47513,
47439,
46892,
45876,
44416,
42546,
40301,
37718,
34849,
31762,
28513,
25166,
21793,
18451,
15206,
12138,
9295,
6742,
4529,
2716,
1409,
637,
419,
387,
395,
1027,
2470,
4204,
6367,
8864,
11673,
14712,
17929,
21260,
24630,
27988,
31251,
34368,
37274,
39900,
42201,
44177,
45658,
46739,
47355,
47502,
47168,
46364,
45103,
43410,
41329,
38896,
35903,
33156,
29974,
26661,
23286,
19925,
16628,
13475,
10525,
7836,
5460,
3467,
1926,
906,
462,
392,
392,
453,
1841,
3380,
5365,
7721,
10394,
13341,
16484,
19777,
23136,
26511,
29824,
33014,
36020,
38775,
41227,
43328,
45031,
46317,
47142,
47505,
47381,
46783,
45719,
44209,
42300,
40017,
37404,
34509,
31398,
28145,
24785,
21410,
18081,
14855,
11806,
8986,
6477,
4299,
2564,
1290,
561,
377,
349,
373,
1260,
2652,
4432,
6636,
9175,
12001,
15072,
18303,
21646,
25016,
28365,
31610,
34709,
37590,
40177,
42444,
44306,
45806,
46832,
47399,
47488,
47110,
46250,
44934,
43194,
41074,
38598,
35818,
32799,
29601,
26279,
22910,
19550,
16261,
13129,
10203,
7547,
5210,
3213,
1790,
822,
449,
396,
391,
503,
1995,
3585,
5608,
8007,
10715,
13682,
16854,
20152,
23517,
26891,
30194,
33366,
36343,
39074,
41486,
43540,
45187,
46433,
47211,
47514,
47336,
46682,
45578,
44018,
42059,
39736,
37094,
34174,
31039,
27766,
24403,
21029,
17709,
14503,
11468,
8686,
6206,
4074,
2386,
1185,
525,
372,
363,
387,
1415,
2827,
4662,
6905,
9474,
12332,
15421,
18673,
22017,
25394,
28732,
31969,
35042,
37889,
40441,
42667,
44509,
45939,
46917,
47431,
47473,
47023,
46116,
44756,
42976,
40810,
38301,
35488,
32443,
29227,
25898,
22522,
19171,
15896,
12788,
9888,
7259,
4966,
3007,
1657,
750,
432,
392,
390,
623,
2153,
3790,
5859,
8297,
11271,
14036,
17218,
20532,
23899,
27271,
30560,
33712,
36668,
39362,
41734,
43744,
45362,
46547,
47268,
47515,
47286,
46584,
45417,
43818,
41823,
39454,
36772,
33829,
30683,
27390,
24024,
20662,
17344,
14147,
11148,
8397,
5951,
3866,
2232,
1089,
512,
400,
387,
413,
1549,
3015,
4897,
7180,
9788,
12679,
15781,
19053,
22403,
25781,
29106,
32336,
35385,
38201,
40722,
42900,
44745,
46129,
47045,
47500,
47471,
46970,
46011,
44592,
42761,
40549,
38008,
35166,
32099,
28863,
25526,
22153,
18807,
15546,
12451,
9581,
6997,
4744,
2883,
1529,
691,
426,
385,
394,
838,
2327,
4011,
6126,
8596,
11373,
14385,
17593,
20913,
24279,
27641,
30918,
34051,
36984,
39644,
41982,
44006,
45521,
46648,
47314,
47512,
47229,
46473,
45261,
43614,
41572,
39167,
36450,
33479,
30315,
27017,
23649,
20280,
16973,
13799,
10821,
8101,
5696,
3658,
2066,
993,
488,
395,
388,
430,
1696,
3199,
5134,
7459,
10098,
13014,
16140,
19423,
22779,
26156,
29478,
32681,
35710,
38494,
40985,
43120,
44908,
46247,
47112,
47511,
47430,
46878,
45866,
44397,
42525,
40272,
37693,
34823,
31735,
28489,
25143,
21767,
18430,
15188,
12116,
9266,
6720,
4508,
2705,
1399,
632,
416,
391,
398,
1047,
2488,
4224,
6384,
8889,
11701,
14741,
17960,
21289,
24661,
28012,
31287,
34399,
37301,
39920,
42226,
44196,
45678,
46749,
47367,
47505,
47170,
46364,
45097,
43408,
41318,
38878,
35887,
33138,
29957,
26642,
23270,
19906,
16610,
13460,
10507,
7818,
5444,
3460,
1922,
901,
469,
395,
391,
464,
1850,
3402,
5383,
7749,
10414,
13360,
16508,
19806,
23164,
26534,
29852,
33037,
36050,
38802,
41252,
43349,
45046,
46332,
47152,
47511,
47379,
46781,
45716,
44202,
42286,
39993,
37387,
34493,
31387,
28120,
24763,
21395,
18059,
14834,
11784,
8973,
6463,
4290,
2553,
1286,
564,
369,
354,
379,
1280,
2665,
4450,
6652,
9199,
12021,
15093,
18327,
21673,
25038,
28390,
31635,
34735,
37611,
40198,
42464,
44325,
45815,
46845,
47406,
47490,
47100,
46236,
44924,
43184,
41055,
38580,
35800,
32783,
29580,
26256,
22888,
19531,
16247,
13105,
10181,
7535,
5201,
3202,
1778,
821,
453,
389,
387,
517,
2006,
3598,
5630,
8027,
10728,
13705,
16870,
20180,
23540,
26911,
30214,
33392,
36371,
39087,
41500,
43557,
45207,
46440,
47214,
47510,
47331,
46674,
45563,
44005,
42042,
39716,
37069,
34145,
31014,
27737,
24381,
21013,
17683,
14481,
11452,
8672,
6194,
4067,
2387,
1185,
519,
376,
364,
390,
1426,
2842,
4682,
6925,
9502,
12366,
15452,
18708,
22053,
25430,
28766,
32002,
35080,
37920,
40473,
42691,
44531,
45962,
46939,
47443,
47478,
47026,
46118,
44750,
42965,
40795,
38289,
35483,
32435,
29211,
25883,
22510,
19152,
15881,
12773,
9872,
7256,
4958,
2998,
1650,
751,
441,
399,
395,
649,
2161,
3803,
5881,
8315,
11291,
14061,
17245,
20556,
23921,
27291,
30583,
33737,
36686,
39377,
41749,
43759,
45370,
46553,
47270,
47520,
47282,
46574,
45408,
43803,
41806,
39437,
36751,
33808,
30658,
27362,
23995,
20628,
17315,
14127,
11123,
8369,
5935,
3848,
2225,
1086,
510,
401,
391,
414,
1552,
3017,
4908,
7197,
9806,
12701,
15804,
19075,
22428,
25803,
29130,
32353,
35407,
38222,
40737,
42918,
44750,
46140,
47047,
47501,
47465,
46962,
45999,
44578,
42743,
40532,
37988,
35148,
32078,
28841,
25502,
22131,
18780,
15518,
12429,
9560,
6979,
4723,
2870,
1522,
690,
424,
388,
396,
847,
2327,
4020,
6137,
8605,
11393,
14407,
17614,
20933,
24300,
27667,
30942,
34077,
37005,
39658,
42000,
44016,
45533,
46659,
47326,
47514,
47224,
46467,
45254,
43602,
41561,
39155,
36440,
33462,
30295,
26995,
23623,
20259,
16947,
13778,
10802,
8087,
5685,
3646,
2056,
987,
482,
396,
389,
432,
1710,
3213,
5154,
7478,
10122,
13037,
16168,
19452,
22811,
26178,
29504,
32714,
35738,
38520,
41004,
43140,
44930,
46263,
47119,
47516,
47430,
46877,
45863,
44393,
42516,
40262,
37681,
34810,
31714,
28469,
25116,
21751,
18409,
15166,
12094,
9256,
6714,
4502,
2698,
1397,
632,
418,
390,
393,
1066,
2500,
4239,
6402,
8912,
11719,
14762,
17987,
21316,
24687,
28043,
31307,
34422,
37318,
39938,
42236,
44206,
45685,
46756,
47369,
47503,
47164,
46358,
45092,
43391,
41303,
38863,
35873,
33116,
29933,
26620,
23242,
19885,
16590,
13434,
10486,
7808,
5437,
3448,
1912,
904,
470,
400,
392,
466,
1866,
3413,
5400,
7767,
10443,
13394,
16540,
19832,
23193,
26562,
29873,
33063,
36066,
38813,
41265,
43359,
45054,
46333,
47151,
47500,
47373,
46769,
45701,
44183,
42270,
39978,
37361,
34465,
31356,
28092,
24735,
21364,
18033,
14806,
11764,
8952,
6441,
4272,
2537,
1283,
557,
368,
355,
376,
1281,
2675,
4463,
6670,
9217,
12045,
15120,
18358,
21696,
25068,
28413,
31660,
34756,
37632,
40216,
42473,
44326,
45820,
46841,
47401,
47486,
47093,
46234,
44910,
43167,
41038,
38566,
35780,
32757,
29553,
26239,
22863,
19504,
16224,
13087,
10171,
7518,
5185,
3192,
1777,
814,
450,
397,
385,
524,
2018,
3615,
5641,
8042,
10757,
13729,
16901,
20199,
23568,
26938,
30234,
33405,
36381,
39108,
41517,
43567,
45215,
46447,
47212,
47511,
47327,
46668,
45553,
43990,
42032,
39702,
37047,
34124,
30994,
27718,
24360,
20988,
17670,
14457,
11436,
8656,
6178,
4058,
2376,
1177,
521,
373,
360,
388,
1432,
2850,
4693,
6944,
9523,
12382,
15477,
18732,
22079,
25449,
28787,
32027,
35096,
37937,
40489,
42704,
44543,
45962,
46934,
47439,
47470,
47022,
46108,
44737,
42955,
40775,
38266,
35453,
32400,
29186,
25854,
22480,
19126,
15859,
12748,
9851,
7236,
4946,
2987,
1649,
748,
436,
391,
391,
662,
2178,
3817,
5900,
8335,
11322,
14093,
17275,
20588,
23956,
27321,
30607,
33761,
36715,
39397,
41770,
43775,
45384,
46558,
47275,
47516,
47279,
46567,
45400,
43791,
41782,
39421,
36736,
33788,
30634,
27344,
23976,
20613,
17297,
14110,
11105,
8357,
5914,
3836,
2215,
1082,
506,
396,
391,
412,
1564,
3031,
4927,
7215,
9829,
12713,
15825,
19099,
22450,
25825,
29156,
32376,
35428,
38237,
40759,
42932,
44763,
46148,
47053,
47501,
47472,
46963,
45993,
44570,
42732,
40514,
37962,
35123,
32054,
28820,
25479,
22105,
18760,
15500,
12411,
9538,
6963,
4714,
2858,
1518,
682,
425,
398,
393,
865,
2344,
4037,
6158,
8632,
11411,
14429,
17637,
20956,
24324,
27690,
30966,
34098,
37021,
39675,
42014,
44031,
45544,
46668,
47327,
47512,
47225,
46457,
45239,
43585,
41542,
39133,
36410,
33431,
30263,
26964,
23598,
20231,
16926,
13754,
10778,
8063,
5664,
3628,
2042,
982,
485,
397,
389,
433,
1718,
3230,
5163,
7496,
10146,
13063,
16187,
19472,
22833,
26205,
29525,
32728,
35754,
38536,
41017,
43157,
44936,
46265,
47128,
47516,
47433,
46869,
45856,
44377,
42501,
40247,
37658,
34785,
31695,
28448,
25101,
21727,
18383,
15143,
12076,
9232,
6691,
4485,
2681,
1383,
628,
417,
390,
397,
1078,
2510,
4254,
6421,
8929,
11736,
14783,
18003,
21336,
24708,
28060,
31325,
34437,
37333,
39948,
42249,
44216,
45691,
46760,
47367,
47504,
47159,
46343,
45071,
43371,
41280,
38834,
35840,
33085,
29903,
26589,
23211,
19850,
16560,
13407,
10459,
7776,
5410,
3422,
1891,
888,
460,
396,
394,
457,
1865,
3422,
5406,
7772,
10450,
13401,
16549,
19845,
23205,
26579,
29887,
33071,
36079,
38831,
41280,
43363,
45063,
46343,
47152,
47499,
47364,
46758,
45692,
44172,
42253,
39960,
37341,
34444,
31336,
28071,
24714,
21342,
18009,
14788,
11739,
8932,
6419,
4255,
2534,
1275,
557,
373,
358,
382,
1306,
2692,
4487,
6693,
9240,
12072,
15144,
18381,
21721,
25091,
28440,
31688,
34779,
37658,
40238,
42489,
44345,
45834,
46857,
47415,
47491,
47091,
46228,
44903,
43161,
41022,
38541,
35758,
32737,
29534,
26217,
22838,
19477,
16197,
13066,
10142,
7494,
5169,
3180,
1761,
808,
446,
394,
391,
537,
2030,
3633,
5662,
8063,
10777,
13750,
16922,
20222,
23592,
26958,
30260,
33426,
36404,
39125,
41533,
43583,
45227,
46451,
47220,
47516,
47322,
46663,
45543,
43982,
42013,
39682,
37028,
34104,
30974,
27697,
24332,
20959,
17639,
14433,
11406,
8629,
6154,
4036,
2365,
1164,
508,
369,
359,
385,
1442,
2863,
4710,
6954,
9544,
12400,
15499,
18753,
22097,
25471,
28809,
32042,
35114,
37959,
40507,
42717,
44555,
45973,
46938,
47441,
47469,
47012,
46098,
44721,
42932,
40761,
38244,
35436,
32388,
29163,
25837,
22464,
19107,
15839,
12730,
9837,
7218,
4928,
2979,
1639,
743,
436,
388,
386,
687,
2187,
3839,
5915,
8354,
11334,
14110,
17298,
20612,
23973,
27341,
30631,
33785,
36733,
39416,
41784,
43787,
45395,
46563,
47278,
47512,
47273,
46558,
45387,
43773,
41768,
39400,
36712,
33759,
30614,
27322,
23952,
20589,
17272,
14086,
11085,
8338,
5903,
3828,
2208,
1074,
503,
400,
390,
415,
1580,
3049,
4938,
7232,
9849,
12742,
15854,
19129,
22477,
25853,
29181,
32398,
35453,
38266,
40778,
42944,
44782,
46160,
47062,
47499,
47470,
46953,
45984,
44552,
42721,
40504,
37955,
35102,
32033,
28796,
25459,
22081,
18736,
15481,
12388,
9519,
6941,
4697,
2846,
1511,
681,
426,
388,
395,
876,
2352,
4044,
6172,
8644,
11430,
14453,
17659,
20975,
24358,
27717,
30990,
34123,
37047,
39699,
42025,
44041,
45553,
46672,
47331,
47511,
47212,
46452,
45229,
43577,
41525,
39113,
36391,
33415,
30248,
26941,
23571,
20208,
16905,
13733,
10758,
8045,
5646,
3617,
2039,
972,
481,
393,
386,
429,
1724,
3238,
5177,
7513,
10162,
13081,
16211,
19498,
22859,
26229,
29554,
32753,
35779,
38563,
41037,
43168,
44946,
46278,
47129,
47517,
47426,
46864,
45842,
44370,
42490,
40229,
37643,
34765,
31669,
28422,
25068,
21696,
18358,
15120,
12051,
9214,
6675,
4468,
2671,
1375,
623,
415,
386,
397,
1078,
2510,
4262,
6431,
8945,
11754,
14804,
18026,
21361,
24729,
28088,
31346,
34460,
37361,
39978,
42269,
44230,
45705,
46764,
47377,
47501,
47153,
46341,
45063,
43359,
41262,
38817,
35829,
33069,
29883,
26564,
23191,
19829,
16536,
13390,
10442,
7767,
5401,
3421,
1891,
889,
460,
392,
390,
467,
1883,
3436,
5424,
7793,
10471,
13418,
16573,
19878,
23233,
26606,
29921,
33103,
36102,
38851,
41302,
43390,
45076,
46350,
47159,
47505,
47365,
46754,
45684,
44167,
42243,
39944,
37320,
34428,
31309,
28043,
24688,
21316,
17987,
14763,
11718,
8910,
6405,
4247,
2520,
1265,
553,
373,
361,
380,
1304,
2696,
4491,
6704,
9248,
12082,
15162,
18401,
21740,
25117,
28459,
31706,
34802,
37668,
40247,
42503,
44358,
45844,
46852,
47407,
47482,
47087,
46218,
44889,
43143,
41008,
38530,
35737,
32707,
29506,
26188,
22814,
19455,
16172,
13035,
10124,
7483,
5160,
3173,
1760,
811,
449,
393,
391,
546,
2038,
3643,
5680,
8092,
10805,
13782,
16946,
20255,
23617,
26990,
30294,
33454,
36431,
39152,
41546,
43594,
45239,
46465,
47230,
47514,
47322,
46657,
45536,
43969,
42007,
39667,
37010,
34085,
30949,
27672,
24309,
20943,
17620,
14413,
11390,
8617,
6150,
4029,
2352,
1165,
515,
375,
359,
391,
1454,
2882,
4722,
6982,
9565,
12430,
15528,
18780,
22126,
25498,
28837,
32066,
35140,
37982,
40523,
42738,
44562,
45980,
46942,
47449,
47475,
47021,
46094,
44718,
42923,
40743,
38232,
35411,
32362,
29145,
25814,
22432,
19084,
15816,
12708,
9818,
7207,
4918,
2972,
1632,
740,
432,
392,
391,
701,
2198,
3849,
5929,
8367,
11357,
14132,
17318,
20632,
24001,
27367,
30651,
33808,
36747,
39434,
41802,
43798,
45403,
46571,
47287,
47519,
47271,
46558,
45381,
43766,
41754,
39386,
36691,
33741,
30586,
27292,
23927,
20558,
17246,
14057,
11062,
8323,
5883,
3818,
2198,
1072,
506,
398,
391,
422,
1598,
3064,
4955,
7258,
9870,
12770,
15883,
19151,
22506,
25875,
29207,
32425,
35470,
38281,
40790,
42960,
44786,
46171,
47071,
47508,
47474,
46957,
45977,
44554,
42712,
40489,
37931,
35085,
32004,
28773,
25432,
22063,
18718,
15460,
12372,
9501,
6931,
4680,
2836,
1503,
675,
427,
393,
390,
894,
2360,
4062,
6195,
8670,
11458,
14477,
17689,
21006,
24375,
27741,
31018,
34144,
37067,
39710,
42043,
44053,
45562,
46677,
47339,
47514,
47219,
46447,
45220,
43560,
41513,
39102,
36372,
33391,
30224,
26917,
23545,
20186,
16876,
13711,
10739,
8030,
5630,
3605,
2023,
968,
485,
393,
391,
430,
1731,
3254,
5195,
7535,
10188,
13100,
16235,
19518,
22880,
26254,
29575,
32774,
35796,
38574,
41055,
43180,
44958,
46287,
47141,
47523,
47430,
46863,
45832,
44354,
42472,
40206,
37622,
34746,
31649,
28397,
25049,
21679,
18340,
15100,
12031,
9192,
6656,
4451,
2655,
1368,
625,
419,
391,
399,
1101,
2532,
4282,
6456,
8970,
11779,
14835,
18056,
21393,
24759,
28115,
31374,
34481,
37376,
39991,
42282,
44247,
45710,
46767,
47375,
47502,
47157,
46328,
45051,
43351,
41255,
38806,
35806,
33048,
29861,
26547,
23173,
19811,
16516,
13371,
10426,
7750,
5389,
3414,
1885,
881,
461,
397,
393,
473,
1897,
3454,
5446,
7819,
10503,
13451,
16604,
19903,
23264,
26631,
29948,
33122,
36127,
38871,
41314,
43405,
45089,
46365,
47166,
47504,
47370,
46752,
45673,
44150,
42223,
39926,
37301,
34401,
31285,
28027,
24670,
21294,
17963,
14741,
11697,
8893,
6389,
4229,
2504,
1255,
557,
371,
354,
376,
1318,
2708,
4510,
6723,
9278,
12113,
15186,
18427,
21771,
25147,
28487,
31734,
34821,
37688,
40272,
42524,
44372,
45848,
46866,
47418,
47489,
47079,
46214,
44882,
43130,
40993,
38507,
35713,
32693,
29489,
26170,
22796,
19437,
16154,
13024,
10106,
7465,
5136,
3151,
1747,
794,
445,
395,
390,
546,
2049,
3651,
5690,
8103,
10817,
13794,
16964,
20268,
23638,
27008,
30311,
33475,
36444,
39164,
41570,
43609,
45245,
46470,
47231,
47509,
47317,
46646,
45515,
43951,
41981,
39641,
36982,
34059,
30923,
27645,
24279,
20913,
17587,
14390,
11369,
8594,
6125,
4011,
2346,
1154,
511,
372,
359,
393,
1468,
2886,
4737,
6995,
9579,
12446,
15543,
18795,
22144,
25520,
28849,
32090,
35158,
38000,
40541,
42751,
44576,
45985,
46943,
47445,
47462,
47003,
46079,
44699,
42902,
40725,
38206,
35387,
32335,
29115,
25784,
22410,
19052,
15787,
12679,
9790,
7186,
4895,
2953,
1625,
739,
434,
394,
391,
699,
2209,
3859,
5945,
8386,
11375,
14149,
17339,
20652,
24019,
27389,
30673,
33821,
36767,
39453,
41820,
43819,
45411,
46575,
47287,
47522,
47268,
46549,
45371,
43749,
41737,
39362,
36667,
33716,
30561,
27268,
23904,
20534,
17221,
14033,
11039,
8305,
5869,
3803,
2189,
1061,
504,
399,
390,
420,
1599,
3070,
4970,
7273,
9882,
12779,
15901,
19170,
22524,
25898,
29229,
32441,
35490,
38294,
40811,
42975,
44803,
46175,
47071,
47505,
47464,
46939,
45963,
44528,
42692,
40461,
37914,
35061,
31985,
28750,
25407,
22031,
18685,
15433,
12349,
9486,
6910,
4667,
2825,
1499,
678,
421,
386,
397,
924,
2377,
4073,
6210,
8687,
11479,
14502,
17705,
21032,
24402,
27764,
31038,
34165,
37091,
39736,
42064,
44070,
45578,
46685,
47340,
47512,
47214,
46440,
45212,
43546,
41494,
39080,
36352,
33375,
30202,
26892,
23523,
20164,
16858,
13694,
10723,
8014,
5617,
3592,
2017,
966,
484,
400,
394,
440,
1750,
3271,
5215,
7550,
10208,
13131,
16260,
19547,
22898,
26281,
29603,
32801,
35821,
38599,
41072,
43195,
44974,
46302,
47146,
47525,
47435,
46856,
45826,
44344,
42461,
40196,
37605,
34726,
31630,
28379,
25025,
21647,
18317,
15081,
12011,
9178,
6642,
4439,
2654,
1367,
617,
416,
384,
393,
1120,
2541,
4296,
6467,
8986,
11801,
14852,
18073,
21411,
24784,
28132,
31393,
34504,
37397,
40012,
42299,
44249,
45723,
46775,
47373,
47500,
47140,
46323,
45039,
43329,
41229,
38779,
35777,
33024,
29830,
26519,
23145,
19778,
16485,
13338,
10398,
7722,
5369,
3392,
1873,
872,
461,
392,
387,
474,
1899,
3459,
5458,
7833,
10513,
13472,
16624,
19924,
23286,
26660,
29968,
33148,
36143,
38892,
41332,
43415,
45104,
46368,
47173,
47509,
47365,
46745,
45669,
44146,
42215,
39915,
37288,
34384,
31270,
28000,
24644,
21273,
17943,
14722,
11679,
8870,
6378,
4223,
2506,
1255,
545,
369,
349,
385,
1332,
2724,
4535,
6750,
9299,
12135,
15216,
18458,
21800,
25169,
28516,
31760,
34853,
37719,
40290,
42532,
44384,
45866,
46874,
47423,
47488,
47081,
46210,
44882,
43122,
40986,
38498,
35698,
32676,
29468,
26145,
22771,
19416,
16135,
13005,
10096,
7455,
5130,
3154,
1745,
799,
453,
395,
391,
559,
2059,
3668,
5714,
8127,
10845,
13823,
16997,
20306,
23669,
27037,
30335,
33503,
36469,
39185,
41581,
43621,
45259,
46479,
47234,
47513,
47317,
46642,
45515,
43945,
41975,
39626,
36969,
34045,
30906,
27623,
24259,
20887,
17568,
14364,
11346,
8577,
6109,
3996,
2327,
1146,
505,
369,
359,
391,
1473,
2896,
4753,
7013,
9594,
12464,
15562,
18822,
22172,
25544,
28879,
32111,
35177,
38012,
40553,
42766,
44587,
45986,
46950,
47443,
47461,
47002,
46077,
44694,
42891,
40708,
38189,
35364,
32311,
29096,
25756,
22384,
19032,
15771,
12660,
9777,
7168,
4889,
2947,
1618,
734,
431,
388,
394,
720,
2216,
3874,
5966,
8412,
11403,
14178,
17365,
20688,
24053,
27416,
30700,
33850,
36791,
39477,
41837,
43828,
45425,
46583,
47286,
47512,
47266,
46544,
45359,
43740,
41726,
39345,
36651,
33691,
30539,
27246,
23881,
20511,
17193,
14014,
11021,
8283,
5852,
3786,
2176,
1055,
497,
402,
383,
416,
1600,
3080,
4981,
7280,
9903,
12807,
15920,
19192,
22542,
25926,
29254,
32465,
35506,
38315,
40823,
42986,
44806,
46180,
47077,
47508,
47456,
46938,
45957,
44517,
42673,
40443,
37888,
35035,
31956,
28718,
25379,
22006,
18658,
15409,
12322,
9459,
6890,
4648,
2806,
1475,
664,
420,
387,
393,
902,
2378,
4085,
6219,
8699,
11492,
14520,
17729,
21053,
24424,
27779,
31054,
34182,
37103,
39746,
42072,
44071,
45575,
46683,
47335,
47505,
47207,
46433,
45193,
43527,
41469,
39053,
36325,
33345,
30170,
26867,
23493,
20129,
16828,
13665,
10698,
7988,
5598,
3577,
2002,
952,
476,
395,
388,
433,
1751,
3268,
5226,
7565,
10219,
13151,
16282,
19572,
22923,
26300,
29621,
32815,
35840,
38614,
41081,
43206,
44977,
46297,
47145,
47520,
47417,
46847,
45811,
44326,
42431,
40171,
37580,
34701,
31598,
28346,
24993,
21622,
18288,
15049,
11982,
9155,
6619,
4421,
2631,
1347,
616,
416,
389,
397,
1110,
2548,
4305,
6482,
9002,
11816,
14873,
18103,
21428,
24804,
28158,
31418,
34523,
37416,
40023,
42312,
44265,
45729,
46783,
47382,
47503,
47142,
46314,
45031,
43320,
41218,
38761,
35759,
33001,
29808,
26492,
23125,
19763,
16471,
13319,
10382,
7707,
5348,
3378,
1852,
864,
453,
392,
390,
473,
1903,
3475,
5474,
7851,
10535,
13486,
16642,
19943,
23309,
26673,
29989,
33174,
36165,
38908,
41342,
43423,
45115,
46378,
47181,
47506,
47361,
46736,
45661,
44127,
42198,
39894,
37264,
34354,
31235,
27974,
24614,
21246,
17915,
14695,
11649,
8851,
6357,
4202,
2481,
1244,
547,
368,
356,
380,
1337,
2733,
4541,
6761,
9315,
12158,
15231,
18475,
21816,
25186,
28532,
31777,
34862,
37727,
40297,
42544,
44391,
45869,
46879,
47414,
47480,
47066,
46194,
44856,
43099,
40951,
38467,
35670,
32644,
29434,
26113,
22745,
19382,
16105,
12976,
10064,
7424,
5106,
3128,
1725,
791,
443,
397,
395,
557,
2067,
3676,
5723,
8137,
10859,
13839,
17009,
20320,
23684,
27054,
30354,
33516,
36484,
39195,
41598,
43633,
45265,
46487,
47234,
47516,
47317,
46641,
45506,
43929,
41954,
39606,
36945,
34017,
30880,
27598,
24232,
20864,
17544,
14342,
11325,
8556,
6094,
3982,
2322,
1144,
501,
372,
354,
391,
1481,
2913,
4767,
7032,
9616,
12485,
15586,
18844,
22192,
25568,
28899,
32132,
35198,
38032,
40577,
42778,
44599,
46003,
46958,
47451,
47458,
46997,
46071,
44680,
42876,
40692,
38168,
35343,
32292,
29068,
25742,
22361,
19010,
15738,
12635,
9748,
7149,
END
