BEGIN
Sample rate: 22.2203 kHz

33449,
30972,
27699,
24338,
20963,
17640,
14436,
11418,
8634,
6166,
43110,
44565,
45981,
46947,
47453,
47476,
47018,
46105,
44726,
42934,
40758,
38248,
35424,
32377,
29157,
25828,
22451,
19108,
15834,
12723,
9833,
7219,
4929,
43130,
43796,
45409,
46577,
47289,
47524,
47282,
46569,
45392,
43780,
41777,
39400,
36706,
33763,
30609,
27319,
23956,
20587,
17275,
14086,
11090,
8343,
5902,
43129,
44745,
46114,
47031,
47477,
47446,
46941,
45972,
44547,
42707,
40494,
37945,
35096,
32021,
28792,
25448,
22075,
18733,
15475,
12389,
9520,
6945,
4694,
43143,
44002,
45559,
46676,
47334,
47517,
47225,
46454,
45230,
43577,
41523,
39107,
36403,
33437,
30266,
26958,
23583,
20215,
16908,
13740,
10764,
8054,
5650,
43142,
44925,
46240,
47100,
47496,
47418,
46853,
45832,
44359,
42479,
40222,
37537,
34761,
31662,
28421,
25072,
21695,
18358,
15120,
12051,
9216,
6671,
4469,
44199,
45714,
46780,
47382,
47510,
47156,
46337,
45060,
43362,
41267,
38820,
36090,
33094,
29903,
26578,
23206,
19840,
16545,
13391,
10444,
7765,
5398,
43130,
43402,
45104,
46364,
47175,
47513,
47379,
46764,
45693,
44167,
42245,
39946,
37201,
34427,
31311,
28048,
24689,
21311,
17986,
14765,
11712,
8910,
6407,
43109,
44390,
45856,
46865,
47416,
47489,
47087,
46222,
44887,
43137,
41005,
38522,
35741,
32712,
29510,
26184,
22809,
19450,
16165,
13038,
10125,
7477,
5151,
43129,
43610,
45255,
46473,
47233,
47520,
47328,
46661,
45535,
43968,
41999,
39664,
37001,
34085,
30948,
27669,
24307,
20938,
17616,
14416,
11391,
8615,
6143,
43109,
44569,
45983,
46950,
47451,
47471,
47013,
46098,
44716,
42921,
40746,
38235,
35408,
32357,
29143,
25810,
22432,
19081,
15809,
12704,
9810,
7202,
4914,
43128,
43803,
45413,
46576,
47285,
47513,
47269,
46549,
45377,
43768,
41758,
39382,
36687,
33740,
30586,
27294,
23927,
20558,
17243,
14058,
11059,
8319,
5890,
43136,
44754,
46120,
47030,
47475,
47443,
46929,
45956,
44535,
42695,
40477,
37922,
35070,
32007,
28767,
25424,
22051,
18703,
15452,
12362,
9499,
6927,
4677,
43151,
44007,
45571,
46682,
47335,
47515,
47216,
46445,
45220,
43563,
41508,
39098,
36390,
33423,
30242,
26932,
23557,
20191,
16884,
13716,
10740,
8031,
5634,
43153,
44934,
46249,
47112,
47498,
47406,
46845,
45827,
44347,
42471,
40205,
37520,
34744,
31649,
28401,
25048,
21678,
18343,
15100,
12032,
9198,
6661,
4456,
44210,
45721,
46783,
47383,
47511,
47153,
46338,
45054,
43353,
41254,
38804,
36070,
33071,
29876,
26557,
23177,
19816,
16513,
13371,
10422,
7745,
5382,
43132,
43417,
45119,
46375,
47184,
47521,
47375,
46762,
45681,
44157,
42229,
39934,
37187,
34410,
31292,
28025,
24666,
21295,
17967,
14744,
11700,
8892,
6394,
43150,
44400,
45863,
46870,
47420,
47490,
47087,
46213,
44886,
43131,
40992,
38503,
35723,
32697,
29487,
26160,
22790,
19433,
16155,
13021,
10112,
7465,
5143,
43148,
43624,
45270,
46479,
47239,
47524,
47328,
46658,
45531,
43962,
41987,
39653,
36982,
34061,
30926,
27645,
24282,
20914,
17598,
14386,
11367,
8600,
6125,
43135,
44582,
45996,
46958,
47451,
47467,
47009,
46079,
44701,
42898,
40716,
38201,
35376,
32331,
29111,
25773,
22403,
19049,
15783,
12675,
9788,
7178,
4895,
43142,
43813,
45420,
46586,
47291,
47519,
47267,
46546,
45367,
43747,
41734,
39355,
36662,
33710,
30561,
27269,
23893,
20529,
17217,
14034,
11036,
8297,
5866,
43140,
44754,
46127,
47030,
47470,
47437,
46926,
45954,
44513,
42676,
40451,
37900,
35045,
31973,
28734,
25393,
22024,
18672,
15423,
12337,
9477,
6902,
4663,
43164,
44024,
45580,
46692,
47338,
47518,
47220,
46445,
45219,
43555,
41496,
39079,
36376,
33405,
30226,
26912,
23542,
20172,
16869,
13694,
10722,
8017,
5620,
43161,
44945,
46258,
47118,
47504,
47412,
46849,
45816,
44335,
42454,
40193,
37507,
34721,
31624,
28376,
25029,
21655,
18317,
15082,
12014,
9179,
6639,
4436,
44223,
45735,
46794,
47391,
47511,
47153,
46327,
45043,
43340,
41238,
38785,
36051,
33053,
29852,
26536,
23155,
19793,
16498,
13346,
10404,
7730,
5367,
43146,
43425,
45126,
46377,
47182,
47513,
47366,
46747,
45667,
44141,
42216,
39911,
37161,
34382,
31265,
28004,
24642,
21265,
17940,
14716,
11673,
8865,
6368,
43154,
44412,
45872,
46877,
47419,
47494,
47090,
46208,
44871,
43118,
40975,
38489,
35699,
32675,
29465,
26147,
22769,
19409,
16128,
12999,
10081,
7439,
5121,
43161,
43640,
45281,
46489,
47242,
47521,
47323,
46650,
45515,
43942,
41966,
39627,
36958,
34039,
30903,
27623,
24259,
20893,
17572,
14368,
11345,
8581,
6111,
43142,
44602,
46015,
46965,
47458,
47472,
47009,
46078,
44687,
42892,
40708,
38187,
35365,
32313,
29091,
25760,
22383,
19034,
15765,
12663,
9771,
7161,
4886,
43160,
43842,
45441,
46601,
47300,
47527,
47273,
46550,
45362,
43740,
41723,
39350,
36649,
33692,
30544,
27247,
23880,
20514,
17198,
14016,
11022,
8291,
5856,
43177,
44779,
46139,
47045,
47478,
47438,
46923,
45942,
44506,
42664,
40444,
37880,
35029,
31956,
28719,
25377,
22003,
18653,
15401,
12317,
9460,
6887,
4647,
43182,
44033,
45588,
46689,
47340,
47514,
47210,
46432,
45194,
43531,
41471,
39052,
36347,
33373,
30195,
26882,
23506,
20141,
16835,
13666,
10700,
7993,
5594,
43160,
44946,
46255,
47110,
47492,
47400,
46830,
45794,
44317,
42431,
40166,
37480,
34695,
31594,
28342,
24993,
21620,
18286,
15045,
11983,
9151,
6618,
4417,
44231,
45733,
46786,
47388,
47506,
47145,
46313,
45032,
43326,
41224,
38765,
36024,
33027,
29829,
26509,
23129,
19759,
16468,
13321,
10387,
7711,
5355,
43175,
43442,
45138,
46389,
47188,
47515,
47365,
46748,
45664,
44136,
42200,
39894,
37148,
34362,
31238,
27971,
24618,
21246,
17915,
14691,
11659,
8854,
6358,
43161,
44431,
45882,
46882,
47426,
47492,
47079,
46201,
44864,
43106,
40961,
38470,
35683,
32647,
29441,
26119,
22741,
19385,
16107,
12975,
10069,
7424,
5109,
43171,
43653,
45286,
46492,
47248,
47525,
47329,
46647,
45515,
43937,
41963,
39621,
36943,
34019,
30883,
27602,
24237,
20866,
17544,
14346,
11328,
8562,
6096,
43160,
44606,
46011,
46967,
47450,
47466,
46995,
46066,
44675,
42881,
40691,
38167,
35344,
32294,
29064,
25736,
22363,
19010,
15744,
12639,
9757,
7151,
4872,
43183,
43848,
45451,
46599,
47302,
47526,
47271,
46543,
45356,
43735,
41711,
39330,
36627,
33676,
30528,
27227,
23858,
20491,
17180,
14002,
11008,
8275,
5844,
43181,
44791,
46150,
47055,
47487,
47442,
46922,
45935,
44505,
42658,
40425,
37866,
35009,
31938,
28697,
25352,
21983,
18639,
15391,
12303,
9444,
6877,
4637,
43198,
44050,
45598,
46702,
47351,
47518,
47209,
46428,
45190,
43524,
41456,
39038,
36330,
33358,
30177,
26864,
23485,
20120,
16820,
13652,
10684,
7979,
5588,
43187,
44967,
46276,
47121,
47502,
47404,
46829,
45793,
44311,
42422,
40153,
37463,
34679,
31571,
28324,
24970,
21602,
18269,
15030,
11970,
9142,
6609,
4415,
44251,
45754,
46808,
47400,
47508,
47147,
46319,
45035,
43317,
41203,
38751,
36013,
33009,
29808,
26492,
23111,
19750,
16455,
13308,
10371,
7700,
5343,
43193,
43458,
45137,
46394,
47197,
47521,
47367,
46738,
45648,
44121,
42180,
39878,
37120,
34340,
31214,
27952,
24594,
21222,
17893,
14680,
11633,
8833,
6341,
43185,
44438,
45890,
46888,
47426,
47488,
47072,
46191,
44846,
43088,
40934,
38450,
35656,
32618,
29413,
26087,
22718,
19363,
16079,
12956,
10049,
7410,
5091,
43176,
43662,
45295,
46503,
47251,
47518,
47314,
46631,
45498,
43918,
41935,
39593,
36912,
33990,
30856,
27571,
24210,
20837,
17519,
14317,
11303,
8540,
6078,
43178,
44618,
46028,
46972,
47452,
47465,
46997,
46063,
44670,
42863,
40674,
38148,
35319,
32266,
29047,
25710,
22336,
18981,
15717,
12617,
9733,
7126,
4849,
43177,
43866,
45456,
46606,
47299,
47515,
47262,
46531,
45343,
43710,
41688,
39305,
36601,
33644,
30491,
27192,
23826,
20462,
17147,
13969,
10979,
8245,
5813,
43206,
44805,
46159,
47054,
47484,
47442,
46915,
45930,
44486,
42637,
40408,
37849,
34992,
31915,
28678,
25336,
21957,
18616,
15362,
12277,
9415,
6856,
4624,
43196,
44063,
45606,
46708,
47347,
47514,
47200,
46415,
45177,
43507,
41444,
39026,
36312,
33334,
30147,
26841,
23466,
20097,
16796,
13629,
10664,
7961,
5569,
43197,
44974,
46280,
47126,
47502,
47403,
46824,
45784,
44296,
42405,
40137,
37443,
34660,
31558,
28303,
24953,
21578,
18247,
15003,
11946,
9126,
6593,
4399,
44263,
45758,
46799,
47390,
47502,
47140,
46302,
45011,
43296,
41190,
38734,
35988,
32982,
29787,
26461,
23082,
19719,
16430,
13283,
10342,
7676,
5324,
43194,
43468,
45152,
46399,
47190,
47512,
47363,
46732,
45644,
44105,
42176,
39864,
37109,
34322,
31200,
27933,
24572,
21202,
17868,
14655,
11615,
8817,
6325,
43191,
44457,
45904,
46900,
47430,
47490,
47067,
46186,
44842,
43078,
40932,
38440,
35638,
32605,
29389,
26066,
22694,
19338,
16061,
12934,
10023,
7389,
5075,
43179,
43666,
45302,
46502,
47247,
47513,
47302,
46622,
45480,
43898,
41914,
39568,
36892,
33967,
30828,
27548,
24185,
20809,
17493,
14298,
11284,
8522,
6063,
43179,
44626,
46029,
46975,
47457,
47463,
46992,
46054,
44655,
42848,
40656,
38129,
35297,
32245,
29020,
25687,
22307,
18955,
15691,
12593,
9713,
7122,
4845,
43206,
43880,
45468,
46614,
47302,
47521,
47259,
46528,
45334,
43704,
41682,
39293,
36583,
33630,
30471,
27176,
23807,
20439,
17130,
13951,
10964,
8231,
5806,
43213,
44811,
46158,
47055,
47481,
47440,
46907,
45918,
44469,
42620,
40392,
37828,
34972,
31889,
28651,
25307,
21932,
18589,
15338,
12260,
9399,
6839,
4609,
43209,
44068,
45614,
46715,
47355,
47518,
47203,
46413,
45172,
43495,
41430,
39003,
36286,
33312,
30130,
26814,
23439,
20074,
16772,
13610,
10646,
7950,
5556,
43206,
44979,
46283,
47126,
47503,
47402,
46814,
45777,
44282,
42392,
40118,
37412,
34626,
31528,
28279,
24922,
21550,
18219,
14985,
11925,
9100,
6569,
4380,
44264,
45767,
46811,
47396,
47504,
47137,
46301,
45000,
43283,
41171,
38710,
35969,
32957,
29760,
26435,
23057,
19696,
16406,
13260,
10328,
7661,
5310,
43212,
43480,
45162,
46411,
47202,
47520,
47358,
46727,
45634,
44100,
42159,
39842,
37084,
34298,
31175,
27904,
24551,
21182,
17853,
14638,
11596,
8797,
6313,
43197,
44461,
45912,
46906,
47435,
47490,
47066,
46176,
44829,
43063,
40908,
38415,
35621,
32577,
29367,
26048,
22670,
19312,
16039,
12914,
10007,
7378,
5061,
43202,
43688,
45323,
46520,
47257,
47527,
47312,
46624,
45483,
43899,
41910,
39559,
36881,
33960,
30814,
27531,
24169,
20800,
17481,
14286,
11270,
8510,
6047,
43196,
44645,
46038,
46979,
47458,
47462,
46981,
46041,
44645,
42837,
40642,
38106,
35276,
32228,
29001,
25663,
22289,
18942,
15677,
12574,
9690,
7094,
4821,
43225,
43884,
45477,
46617,
47305,
47519,
47254,
46516,
45321,
43687,
41656,
39271,
36558,
33607,
30450,
27152,
23783,
20417,
17108,
13925,
10937,
8210,
5788,
43214,
44814,
46161,
47055,
47480,
47428,
46892,
45906,
44457,
42600,
40366,
37804,
34944,
31867,
28627,
25285,
21912,
18566,
15317,
12234,
9378,
6819,
4593,
43217,
44079,
45622,
46716,
47349,
47510,
47192,
46401,
45152,
43474,
41406,
38979,
36265,
33287,
30103,
26793,
23416,
20050,
16742,
13587,
10627,
7928,
5544,
43218,
44995,
46291,
47130,
47500,
47393,
46807,
45767,
44265,
42365,
40097,
37400,
34608,
31509,
28252,
24900,
21530,
18195,
14962,
11903,
9076,
6556,
4371,
44286,
45777,
46817,
47397,
47507,
47130,
46286,
44987,
43264,
41157,
38693,
35945,
32939,
29737,
26416,
23035,
19673,
16382,
13234,
10303,
7642,
5290,
43224,
43496,
45176,
46417,
47199,
47516,
47356,
46716,
45619,
44080,
42140,
39824,
37062,
34279,
31146,
27877,
24523,
21151,
17821,
14605,
11572,
8778,
6290,
43225,
44468,
45912,
46901,
47432,
47482,
47053,
46159,
44810,
43045,
40887,
38395,
35595,
32554,
29343,
26015,
22644,
19286,
16013,
12889,
9985,
7356,
5054,
43223,
43694,
45333,
46517,
47251,
47514,
47302,
46612,
45467,
43881,
41887,
39542,
36853,
33928,
30786,
27502,
24140,
20765,
17444,
14249,
11240,
8480,
6026,
43215,
44657,
46047,
46987,
47456,
47458,
46980,
46041,
44640,
42825,
40625,
38097,
35255,
32199,
28972,
25639,
22261,
18916,
15649,
12548,
9673,
7075,
4810,
43236,
43895,
45482,
46626,
47311,
47518,
47247,
46510,
45309,
43678,
41648,
39257,
36547,
33582,
30424,
27125,
23759,
20396,
17082,
13908,
10923,
8193,
5779,
43230,
44834,
46177,
47066,
47490,
47431,
46898,
45899,
44449,
42594,
40357,
37790,
34926,
31844,
28601,
25259,
21882,
18542,
15297,
12219,
9366,
6806,
4572,
43250,
44101,
45637,
46731,
47360,
47521,
47200,
46409,
45154,
43473,
41397,
38969,
36258,
33277,
30093,
26774,
23398,
20031,
16718,
13564,
10609,
7917,
5527,
43236,
45004,
46293,
47130,
47501,
47391,
46801,
45758,
44258,
42359,
40079,
37380,
34588,
31483,
28233,
24872,
21501,
18169,
14942,
11881,
9062,
6536,
4351,
44295,
45782,
46815,
47392,
47498,
47122,
46275,
44973,
43247,
41134,
38673,
35926,
32915,
29713,
26387,
23012,
19644,
16358,
13214,
10281,
7621,
5277,
43241,
43503,
45175,
46415,
47201,
47516,
47353,
46709,
45607,
44064,
42120,
39802,
37042,
34250,
31125,
27857,
24489,
21126,
17803,
14586,
11547,
8761,
6274,
43239,
44477,
45921,
46913,
47437,
47482,
47046,
46158,
44799,
43029,
40873,
38373,
35570,
32529,
29316,
25994,
22621,
19265,
15992,
12872,
9967,
7337,
5033,
43226,
43718,
45343,
46530,
47267,
47523,
47306,
46608,
45466,
43872,
41878,
39522,
36837,
33906,
30764,
27480,
24116,
20743,
17428,
14234,
11223,
8469,
6018,
43247,
44672,
46063,
46999,
47468,
47462,
46978,
46029,
44626,
42811,
40613,
38073,
35238,
32181,
28956,
25625,
22246,
18895,
15632,
12535,
9655,
7064,
4792,
43250,
43918,
45500,
46637,
47310,
47521,
47249,
46503,
45301,
43664,
41631,
39237,
36528,
33560,
30401,
27104,
23738,
20370,
17065,
13886,
10900,
8178,
5759,
43256,
44842,
46185,
47071,
47484,
47424,
46886,
45888,
44433,
42578,
40332,
37761,
34904,
31820,
28577,
25233,
21861,
18519,
15270,
12196,
9344,
6790,
4563,
43257,
44111,
45646,
46731,
47357,
47515,
47190,
46391,
45137,
43449,
41377,
38942,
36226,
33251,
30067,
26746,
23370,
20001,
16704,
13542,
10581,
7889,
5507,
43268,
45018,
46311,
47139,
47509,
47393,
46797,
45754,
44252,
42343,
40067,
37362,
34572,
31468,
28214,
24857,
21481,
18149,
14920,
11864,
9044,
6523,
4341,
44311,
45797,
46829,
47401,
47503,
47118,
46268,
44963,
43236,
41121,
38652,
35902,
32891,
29689,
26364,
22985,
19624,
16333,
13193,
10263,
7598,
5257,
43236,
43513,
45191,
46425,
47208,
47515,
47346,
46698,
45594,
44046,
42104,
39788,
37027,
34230,
31101,
27830,
24470,
21099,
17770,
14562,
11530,
8739,
6255,
43238,
44489,
45930,
46917,
47438,
47475,
47043,
46145,
44793,
43021,
40859,
38358,
35557,
32517,
29298,
25975,
22596,
19242,
15969,
12850,
9947,
7315,
5015,
43259,
43727,
45351,
46531,
47266,
47522,
47300,
46603,
45450,
43861,
41866,
39508,
36821,
33892,
30746,
27465,
24095,
20723,
17406,
14210,
11207,
8449,
5998,
43253,
44681,
46068,
46999,
47460,
47453,
46970,
46017,
44612,
42793,
40588,
38057,
35212,
32157,
28928,
25591,
22221,
18873,
15612,
12513,
9636,
7050,
4780,
43257,
43927,
45504,
46641,
47311,
47521,
47244,
46489,
45296,
43652,
41621,
39223,
36508,
33545,
30384,
27089,
23714,
20348,
17040,
13864,
10879,
8164,
5748,
43266,
44858,
46196,
47075,
47487,
47426,
46885,
45880,
44425,
42567,
40321,
37751,
34886,
31800,
28553,
25209,
21835,
18491,
15243,
12178,
9329,
6771,
4553,
43277,
44120,
45652,
46733,
47365,
47508,
47184,
46388,
45126,
43435,
41358,
38925,
36207,
33222,
30035,
26722,
23341,
19982,
16675,
13515,
10563,
7875,
5494,
43263,
45026,
46315,
47138,
47504,
47390,
46794,
45742,
44237,
42326,
40047,
37344,
34551,
31440,
28183,
24827,
21459,
18127,
14897,
11839,
9025,
6507,
4327,
44310,
45798,
46831,
47405,
47498,
47119,
46270,
44956,
43222,
41103,
38637,
35882,
32865,
29657,
26336,
22964,
19596,
16311,
13170,
10245,
7583,
5244,
43270,
43530,
45196,
46433,
47216,
47516,
47342,
46696,
45592,
44041,
42085,
39769,
37003,
34210,
31079,
27802,
24438,
21072,
17746,
14533,
11511,
8721,
6237,
816,
532,
391,
376,
395,
1381,
2809,
4640,
6878,
9454,
12303,
15388,
18642,
21989,
25362,
28703,
31940,
35016,
37868,
40423,
42648,
44501,
45938,
46916,
47433,
47482,
47044,
46137,
44780,
42999,
40841,
38333,
35530,
32485,
29268,
25945,
22573,
19214,
15941,
12823,
9923,
7300,
4999,
3099,
1666,
756,
428,
387,
388,
622,
2139,
3772,
5843,
8271,
11036,
14026,
17208,
20511,
23879,
27244,
30532,
33689,
36641,
39341,
41721,
43736,
45362,
46541,
47270,
47523,
47299,
46599,
45445,
43845,
41851,
39488,
36800,
33868,
30718,
27433,
24069,
20701,
17384,
14187,
11183,
8427,
5975,
3886,
2246,
1087,
512,
397,
389,
406,
1528,
2995,
4869,
7152,
9843,
12647,
15749,
19015,
22362,
25741,
29074,
32298,
35349,
38172,
40694,
42883,
44681,
46071,
47004,
47466,
47455,
46962,
46009,
44597,
42779,
40571,
38035,
35192,
32134,
28896,
25563,
22190,
18848,
15582,
12489,
9612,
7024,
4766,
2919,
1542,
693,
422,
385,
390,
823,
2303,
3987,
6103,
8558,
11348,
14379,
17576,
20894,
24255,
27618,
30893,
34031,
36959,
39616,
41959,
43934,
45513,
46640,
47319,
47512,
47239,
46481,
45276,
43631,
41596,
39198,
36477,
33510,
30348,
27053,
23683,
20321,
17013,
13840,
10857,
8138,
5723,
3677,
2091,
995,
484,
395,
384,
430,
1687,
3183,
5112,
7435,
10159,
12984,
16104,
19386,
22742,
26114,
29442,
32646,
35682,
38470,
40957,
43262,
44861,
46200,
47080,
47489,
47420,
46877,
45874,
44413,
42550,
40297,
37724,
34858,
31774,
28530,
25182,
21812,
18468,
15227,
12147,
9310,
6758,
4535,
2738,
1418,
636,
410,
382,
391,
1027,
2472,
4202,
6361,
8857,
11654,
14705,
17920,
21247,
24620,
27973,
31240,
34360,
37261,
39893,
42194,
44125,
45657,
46734,
47357,
47508,
47174,
46372,
45110,
43420,
41339,
38904,
36177,
33199,
30016,
26702,
23317,
19953,
16648,
13492,
10539,
7850,
5466,
3471,
1937,
908,
457,
387,
382,
443,
1825,
3374,
5353,
7712,
10360,
13325,
16469,
19763,
23122,
26499,
29813,
33000,
36003,
38769,
41218,
43327,
45033,
46309,
47143,
47495,
47380,
46784,
45725,
44219,
42310,
40027,
37315,
34526,
31421,
28161,
24808,
21431,
18098,
14870,
11818,
8997,
6486,
4309,
2562,
1299,
585,
408,
386,
396,
1214,
2644,
4424,
6622,
9163,
11982,
15055,
18291,
21626,
25003,
28353,
31602,
34702,
37581,
40170,
42438,
44320,
45803,
46831,
47401,
47497,
47107,
46247,
44943,
43204,
41084,
38615,
35862,
32844,
29639,
26319,
22938,
19575,
16290,
13151,
10218,
7566,
5228,
3285,
1801,
825,
444,
385,
385,
515,
1993,
3580,
5605,
7999,
10714,
13671,
16841,
20144,
23510,
26874,
30184,
33360,
36334,
39064,
41478,
43534,
45203,
46440,
47207,
47514,
47342,
46690,
45579,
44026,
42077,
39754,
36989,
34188,
31064,
27787,
24425,
21058,
17729,
14517,
11494,
8705,
6224,
3930,
2400,
1191,
544,
396,
385,
399,
1386,
2820,
4647,
6893,
9470,
12322,
15412,
18660,
22008,
25385,
28727,
31962,
35039,
37890,
40453,
42669,
44516,
45948,
46923,
47439,
47476,
47033,
46132,
44767,
42988,
40820,
38318,
35509,
32468,
29253,
25926,
22552,
19196,
15922,
12808,
9903,
7286,
4990,
3088,
1660,
753,
438,
389,
388,
638,
2144,
3788,
5857,
8287,
11056,
14056,
17233,
20544,
23901,
27270,
30561,
33711,
36668,
39358,
41740,
43752,
45367,
46545,
47267,
47522,
47288,
46586,
45424,
43827,
41829,
39470,
36770,
33841,
30695,
27403,
24040,
20670,
17355,
14164,
11159,
8403,
5956,
3872,
2238,
1088,
510,
399,
385,
407,
1537,
3004,
4885,
7167,
9862,
12660,
15774,
19040,
22391,
25765,
29098,
32320,
35371,
38192,
40713,
42900,
44696,
46082,
47007,
47469,
47452,
46956,
46001,
44588,
42765,
40557,
38019,
35175,
32108,
28874,
25542,
22170,
18825,
15563,
12464,
9597,
7011,
4751,
2911,
1536,
691,
417,
382,
387,
850,
2315,
4001,
6117,
8585,
11375,
14410,
17601,
20920,
24288,
27650,
30926,
34061,
36990,
39644,
41982,
43953,
45527,
46657,
47328,
47521,
47235,
46479,
45275,
43629,
41589,
39186,
36464,
33498,
30331,
27030,
23661,
20298,
16991,
13816,
10836,
8122,
5711,
3668,
2084,
996,
481,
392,
384,
422,
1687,
3192,
5121,
7445,
10174,
13005,
16130,
19417,
22773,
26142,
29472,
32673,
35706,
38489,
40983,
43274,
44881,
46210,
47086,
47489,
47421,
46875,
45867,
44399,
42534,
40285,
37709,
34840,
31756,
28507,
25159,
21789,
18443,
15200,
12125,
9283,
6737,
4520,
2727,
1409,
634,
415,
384,
394,
1047,
2486,
4221,
6379,
8879,
11682,
14724,
17952,
21279,
24652,
28008,
31268,
34387,
37294,
39916,
42215,
44148,
45670,
46747,
47369,
47510,
47177,
46376,
45112,
43410,
41329,
38894,
36170,
33186,
29999,
26676,
23298,
19936,
16635,
13476,
10524,
7842,
5464,
3470,
1937,
909,
457,
390,
385,
456,
1849,
3399,
5372,
7737,
10385,
13348,
16498,
19792,
23154,
26528,
29846,
33027,
36031,
38793,
41240,
43345,
45049,
46327,
47152,
47511,
47386,
46786,
45721,
44217,
42308,
40019,
37307,
34513,
31396,
28141,
24781,
21412,
18080,
14850,
11799,
8986,
6477,
4303,
2561,
1300,
588,
402,
385,
396,
1239,
2657,
4444,
6655,
9185,
12009,
15087,
18326,
21662,
25030,
28384,
31631,
34727,
37603,
40194,
42454,
44339,
45818,
46847,
47409,
47499,
47108,
46252,
44938,
43202,
41071,
38606,
35847,
32830,
29623,
26301,
22922,
19557,
16273,
13137,
10208,
7558,
5221,
3274,
1795,
822,
441,
387,
381,
529,
2007,
3598,
5621,
8023,
10735,
13699,
16862,
20169,
23535,
26906,
30206,
33377,
36357,
39084,
41496,
43549,
45211,
46444,
47210,
47518,
47336,
46681,
45579,
44019,
42062,
39737,
36969,
34172,
31040,
27763,
24401,
21029,
17707,
14499,
11475,
8693,
6208,
3916,
2392,
1184,
542,
398,
383,
400,
1398,
2834,
4668,
6919,
9494,
12351,
15443,
18700,
22041,
25412,
28753,
31988,
35065,
37912,
40465,
42682,
44521,
45955,
46929,
47442,
47478,
47037,
46131,
44758,
42974,
40806,
38301,
35491,
32448,
29231,
25901,
22523,
19174,
15906,
12787,
9890,
7270,
4974,
3081,
1654,
753,
434,
384,
386,
642,
2160,
3800,
5875,
8311,
11077,
14082,
17263,
20575,
23935,
27298,
30588,
33737,
36685,
39381,
41753,
43765,
45380,
46554,
47277,
47518,
47284,
46578,
45422,
43815,
41815,
39451,
36751,
33823,
30675,
27381,
24018,
20655,
17340,
14144,
11144,
8395,
5950,
3862,
2224,
1081,
512,
397,
385,
406,
1551,
3015,
4908,
7186,
9890,
12684,
15798,
19062,
22415,
25789,
29120,
32345,
35398,
38213,
40730,
42909,
44704,
46084,
47011,
47468,
47448,
46949,
45991,
44575,
42747,
40540,
37994,
35155,
32088,
28856,
25519,
22145,
18797,
15543,
12446,
9575,
6994,
4741,
2897,
1531,
684,
424,
384,
387,
855,
2321,
4018,
6137,
8610,
11397,
14431,
17625,
20946,
24308,
27673,
30949,
34082,
37006,
39661,
41999,
43963,
45539,
46664,
47329,
47521,
47237,
46477,
45258,
43611,
41570,
39164,
36441,
33476,
30309,
27010,
23642,
20277,
16970,
13793,
10826,
8106,
5696,
3659,
2070,
985,
482,
394,
385,
426,
1708,
3207,
5142,
7474,
10201,
13031,
16158,
19441,
22793,
26165,
29493,
32696,
35722,
38512,
40993,
43294,
44888,
46221,
47090,
47490,
47420,
46868,
45856,
44388,
42517,
40264,
37686,
34812,
31725,
28478,
25130,
21758,
18425,
15179,
12107,
9268,
6726,
4508,
2714,
1403,
626,
409,
386,
390,
1055,
2490,
4233,
6393,
8890,
11698,
14746,
17968,
21301,
24669,
28024,
31291,
34406,
37307,
39931,
42229,
44155,
45682,
46754,
47371,
47506,
47170,
46359,
45090,
43399,
41310,
38868,
36138,
33153,
29965,
26649,
23273,
19910,
16608,
13455,
10504,
7817,
5446,
3456,
1928,
902,
455,
390,
383,
456,
1860,
3402,
5390,
7753,
10399,
13364,
16521,
19811,
23175,
26545,
29860,
33043,
36049,
38803,
41256,
43352,
45057,
46333,
47151,
47502,
47378,
46773,
45710,
44199,
42282,
39991,
37276,
34479,
31362,
28108,
24755,
21384,
18054,
14826,
11778,
8966,
6450,
4285,
2542,
1284,
582,
406,
384,
398,
1242,
2669,
4452,
6660,
9201,
12028,
15102,
18337,
21675,
25049,
28398,
31651,
34745,
37621,
40210,
42465,
44348,
45823,
46848,
47417,
47498,
47104,
46242,
44926,
43184,
41056,
38581,
35820,
32806,
29597,
26266,
22892,
19529,
16243,
13105,
10182,
7536,
5196,
3257,
1785,
822,
444,
391,
386,
533,
2010,
3607,
5639,
8036,
10748,
13713,
16883,
20186,
23550,
26917,
30226,
33396,
36373,
39097,
41506,
43563,
45222,
46443,
47211,
47506,
47330,
46678,
45556,
44000,
42036,
39712,
36944,
34137,
31011,
27735,
24376,
21004,
17670,
14473,
11443,
8662,
6190,
3895,
2372,
1172,
538,
401,
384,
399,
1409,
2842,
4685,
6932,
9510,
12362,
15460,
18715,
22061,
25434,
28777,
32007,
35082,
37930,
40483,
42696,
44540,
45965,
46937,
47442,
47473,
47036,
46119,
44743,
42959,
40790,
38283,
35472,
32425,
29204,
25877,
22500,
19145,
15878,
12762,
9865,
7250,
4955,
3063,
1649,
749,
433,
390,
389,
660,
2177,
3818,
5887,
8323,
11097,
14102,
17282,
20594,
23956,
27320,
30610,
33759,
36712,
39399,
41773,
43777,
45386,
46559,
47281,
47524,
47282,
46571,
45410,
43805,
41803,
39439,
36743,
33802,
30650,
27361,
23998,
20627,
17308,
14121,
11122,
8366,
5932,
3846,
2215,
1075,
509,
393,
381,
409,
1554,
3023,
4916,
7201,
9900,
12711,
15818,
19082,
22432,
25809,
29149,
32361,
35420,
38233,
40746,
42927,
44721,
46092,
47012,
47468,
47446,
46945,
45982,
44556,
42734,
40520,
37978,
35125,
32062,
28832,
25496,
22116,
18767,
15510,
12419,
9552,
6968,
4714,
2880,
1512,
679,
421,
382,
389,
853,
2324,
4020,
6140,
8610,
11403,
14440,
17645,
20958,
24329,
27690,
30967,
34095,
37021,
39669,
42009,
43967,
45542,
46658,
47327,
47514,
47226,
46462,
45245,
43593,
41547,
39145,
36417,
33447,
30283,
26979,
23609,
20246,
16936,
13768,
10797,
8082,
5674,
3644,
2061,
980,
478,
394,
385,
428,
1710,
3213,
5155,
7481,
10213,
13049,
16179,
19462,
22819,
26191,
29517,
32719,
35741,
38529,
41015,
43306,
44901,
46221,
47095,
47494,
47418,
46859,
45846,
44379,
42507,
40252,
37672,
34797,
31709,
28465,
25114,
21744,
18401,
15157,
12086,
9248,
6702,
4491,
2710,
1399,
630,
417,
385,
394,
1069,
2502,
4247,
6409,
8919,
11717,
14770,
17997,
21332,
24702,
28052,
31315,
34436,
37329,
39949,
42247,
44167,
45687,
46760,
47373,
47506,
47166,
46358,
45085,
43392,
41299,
38854,
36126,
33140,
29944,
26626,
23251,
19886,
16584,
13429,
10484,
7794,
5431,
3442,
1914,
893,
458,
389,
377,
447,
1860,
3415,
5397,
7763,
10422,
13385,
16536,
19832,
23193,
26570,
29889,
33070,
36069,
38823,
41269,
43368,
45062,
46338,
47155,
47504,
47372,
46760,
45701,
44182,
42273,
39975,
37258,
34460,
31348,
28087,
24730,
21358,
18034,
14811,
11760,
8954,
6443,
4280,
2541,
1287,
581,
406,
382,
397,
1256,
2679,
4471,
6682,
9227,
12055,
15132,
18376,
21710,
25086,
28433,
31680,
34779,
37647,
40230,
42484,
44364,
45837,
46854,
47414,
47499,
47100,
46235,
44913,
43173,
41041,
38560,
35804,
32782,
29579,
26248,
22873,
19510,
16225,
13087,
10174,
7520,
5188,
3247,
1778,
819,
449,
384,
381,
549,
2028,
3623,
5656,
8058,
10771,
13739,
16907,
20217,
23585,
26956,
30257,
33423,
36400,
39128,
41530,
43583,
45239,
46458,
47223,
47523,
47336,
46678,
45559,
44000,
42039,
39701,
36937,
34133,
30998,
27722,
24357,
20987,
17665,
14460,
11436,
8658,
6187,
3899,
2372,
1178,
541,
401,
382,
403,
1426,
2865,
4702,
6954,
9531,
12396,
15485,
18744,
22088,
25466,
28799,
32030,
35112,
37947,
40505,
42717,
44550,
45980,
46942,
47449,
47479,
47028,
46111,
44738,
42950,
40772,
38264,
35448,
32394,
29180,
25852,
22476,
19121,
15853,
12746,
9851,
7234,
4943,
3060,
1643,
746,
434,
385,
385,
672,
2182,
3827,
5906,
8344,
11122,
14119,
17306,
20616,
23982,
27344,
30630,
33782,
36727,
39412,
41780,
43785,
45397,
46565,
47291,
47525,
47286,
46575,
45402,
43794,
41787,
39416,
36721,
33783,
30630,
27338,
23973,
20606,
17288,
14100,
11106,
8354,
5920,
3836,
2211,
1074,
505,
396,
386,
414,
1577,
3044,
4943,
7233,
9932,
12742,
15847,
19110,
22468,
25841,
29173,
32389,
35443,
38252,
40768,
42939,
44733,
46110,
47022,
47481,
47448,
46944,
45981,
44557,
42727,
40512,
37961,
35111,
32048,
28809,
25471,
22098,
18757,
15499,
12405,
9539,
6955,
4705,
2874,
1510,
677,
424,
390,
384,
871,
2344,
4047,
6165,
8641,
11434,
14472,
17678,
20994,
24355,
27719,
30991,
34121,
37041,
39694,
42024,
43988,
45551,
46669,
47329,
47518,
47228,
46457,
45232,
43584,
41532,
39126,
36401,
33431,
30265,
26954,
23593,
20224,
16919,
13747,
10778,
8067,
5659,
3627,
2052,
971,
480,
392,
390,
431,
1720,
3238,
5172,
7510,
10234,
13070,
16205,
19488,
22842,
26213,
29538,
32737,
35764,
38551,
41027,
43320,
44910,
46237,
47098,
47498,
47413,
46860,
45842,
44371,
42492,
40237,
37653,
34779,
31687,
28440,
25090,
21721,
18380,
15148,
12074,
9236,
6692,
4484,
2700,
1394,
624,
406,
388,
392,
1091,
2522,
4269,
6433,
8939,
11743,
14799,
18024,
21354,
24727,
28077,
31334,
34453,
37351,
39967,
42259,
44182,
45702,
46767,
47375,
47509,
47162,
46353,
45072,
43376,
41284,
38842,
36102,
33115,
29928,
26609,
23234,
19869,
16568,
13417,
10463,
7779,
5414,
3439,
1910,
889,
453,
386,
384,
464,
1879,
3434,
5429,
7793,
10446,
13415,
16566,
19862,
23223,
26593,
29909,
33091,
36088,
38848,
41282,
43383,
45076,
46351,
47166,
47505,
47375,
46764,
45696,
44176,
42257,
39963,
37250,
34440,
31325,
28069,
24709,
21339,
18012,
14783,
11739,
8928,
6423,
4257,
2522,
1270,
577,
403,
388,
398,
1270,
2690,
4482,
6692,
9243,
12074,
15147,
18386,
21731,
25103,
28448,
31696,
34787,
37662,
40244,
42502,
44377,
45841,
46863,
47412,
47493,
47098,
46229,
44902,
43159,
41022,
38541,
35776,
32758,
29546,
26224,
22847,
19483,
16201,
13068,
10147,
7501,
5174,
3236,
1766,
804,
443,
385,
384,
553,
2038,
3638,
5679,
8079,
10797,
13763,
16944,
20241,
23603,
26978,
30278,
33446,
36421,
39139,
41544,
43591,
45245,
46464,
47223,
47518,
47330,
46665,
45545,
43977,
42010,
39676,
36912,
34105,
30968,
27701,
24329,
20960,
17638,
14428,
11409,
8629,
6160,
3878,
2357,
1165,
534,
395,
382,
407,
1433,
2871,
4714,
6967,
9545,
12409,
15508,
18763,
22112,
25482,
28819,
32049,
35124,
37965,
40522,
42730,
44563,
45979,
46943,
47444,
47462,
47016,
46095,
44718,
42932,
40752,
38240,
35428,
32376,
29155,
25825,
22457,
19104,
15826,
12722,
9825,
7212,
4922,
3043,
1630,
734,
435,
392,
394,
681,
2191,
3836,
5925,
8360,
11142,
14141,
17326,
20636,
23997,
27362,
30655,
33807,
36752,
39433,
41804,
43805,
45408,
46575,
47285,
47522,
47280,
46563,
45389,
43778,
41768,
39399,
36698,
33758,
30604,
27315,
23950,
20577,
17270,
14077,
11076,
8333,
5898,
3820,
2196,
1064,
505,
397,
384,
410,
1576,
3051,
4946,
7237,
9944,
12749,
15862,
19130,
22481,
25861,
29194,
32408,
35459,
38269,
40784,
42957,
44747,
46111,
47024,
47476,
47446,
46938,
45965,
44539,
42706,
40493,
37941,
35088,
32024,
28789,
25446,
22070,
18726,
15472,
12384,
9519,
6935,
4691,
2859,
1503,
678,
419,
386,
392,
902,
2354,
4055,
6181,
8661,
11456,
14491,
17691,
21014,
24377,
27737,
31012,
34145,
37064,
39718,
42048,
43999,
45563,
46680,
47331,
47517,
47223,
46455,
45231,
43572,
41518,
39107,
36383,
33410,
30246,
26938,
23572,
20206,
16898,
13730,
10758,
8048,
5649,
3615,
2048,
969,
482,
392,
386,
428,
1721,
3245,
5183,
7510,
10249,
13088,
16219,
19508,
22859,
26236,
29559,
32763,
35785,
38565,
41041,
43336,
44921,
46235,
47098,
47492,
47407,
46846,
45823,
44345,
42472,
40215,
37632,
34745,
31658,
28410,
25056,
21688,
18349,
15112,
12046,
9207,
6667,
4464,
2686,
1380,
624,
414,
385,
391,
1090,
2527,
4272,
6447,
8952,
11759,
14816,
18041,
21372,
24749,
28100,
31363,
34476,
37371,
39983,
42273,
44194,
45711,
46776,
47378,
47502,
47152,
46332,
45061,
43359,
41265,
38820,
36086,
33093,
29899,
26579,
23204,
19839,
16542,
13390,
10445,
7766,
5400,
3420,
1902,
887,
461,
388,
382,
468,
1887,
3446,
5432,
7802,
10463,
13428,
16587,
19883,
23246,
26617,
29932,
33120,
36111,
38867,
41299,
43395,
45087,
46354,
47166,
47506,
47365,
46755,
45686,
44167,
42242,
39941,
37224,
34425,
31308,
28041,
24683,
21316,
17979,
14758,
11715,
8909,
6403,
4245,
2514,
1268,
577,
408,
382,
397,
1271,
2700,
4493,
6713,
9260,
12086,
15170,
18410,
21756,
25126,
28474,
31719,
34815,
37676,
40256,
42512,
44384,
45851,
46862,
47415,
47489,
47091,
46217,
44890,
43141,
41006,
38524,
35761,
32736,
29526,
26194,
22815,
19454,
16172,
13043,
10123,
7476,
5151,
3215,
1757,
807,
442,
385,
385,
549,
2035,
3646,
5683,
8091,
10809,
13778,
16956,
20257,
23625,
26994,
30296,
33458,
36437,
39155,
41557,
43601,
45253,
46463,
47228,
47515,
47333,
46661,
45541,
43968,
42000,
39667,
36892,
34079,
30946,
27669,
24302,
20933,
17609,
14404,
11382,
8610,
6143,
3861,
2351,
1154,
533,
397,
380,
402,
1438,
2880,
4727,
6981,
9566,
12429,
15531,
18786,
22133,
25510,
28842,
32076,
35141,
37985,
40534,
42742,
44570,
45985,
46947,
47447,
47466,
47011,
46091,
44711,
42917,
40740,
38222,
35407,
32354,
29134,
25801,
22425,
19073,
15803,
12693,
9810,
7192,
4909,
3028,
1620,
730,
428,
388,
390,
688,
2202,
3853,
5935,
8380,
11163,
14166,
17350,
20662,
24026,
27389,
30677,
33825,
36765,
39448,
41812,
43808,
45419,
46575,
47285,
47523,
47275,
46557,
45381,
43768,
41754,
39379,
36677,
33737,
30584,
27293,
23920,
20557,
17243,
14056,
11064,
8320,
5887,
3809,
2190,
1062,
499,
394,
381,
411,
1599,
3071,
4967,
7262,
9971,
12783,
15893,
19161,
22517,
25892,
29221,
32438,
35481,
38287,
40805,
42972,
44755,
46113,
47033,
47477,
47446,
46935,
45963,
44532,
42695,
40472,
37922,
35068,
32003,
28765,
25425,
22049,
18702,
15452,
12368,
9504,
6926,
4680,
2854,
1494,
669,
417,
387,
393,
900,
2369,
4066,
6203,
8678,
11479,
14515,
17723,
21043,
24406,
27764,
31035,
34160,
37084,
39731,
42060,
44010,
45572,
46681,
47335,
47514,
47218,
46449,
45219,
43559,
41503,
39093,
36362,
33388,
30222,
26917,
23548,
20182,
16877,
13710,
10743,
8033,
5633,
3610,
2042,
967,
477,
395,
383,
434,
1742,
3258,
5205,
7539,
10278,
13120,
16252,
19539,
22898,
26264,
29588,
32785,
35808,
38586,
41063,
43341,
44932,
46249,
47114,
47501,
47412,
46849,
45820,
44341,
42462,
40202,
37613,
34730,
31638,
28393,
25040,
21669,
18332,
15093,
12027,
9193,
6650,
4448,
2670,
1368,
615,
409,
383,
387,
1096,
2534,
4284,
6459,
8972,
11779,
14832,
18062,
21389,
24762,
28123,
31380,
34494,
37385,
39998,
42289,
44203,
45717,
46776,
47378,
47504,
47148,
46325,
45048,
43350,
41249,
38802,
36059,
33070,
29874,
26551,
23178,
19812,
16521,
13366,
10420,
7740,
5381,
3401,
1888,
872,
450,
384,
382,
466,
1889,
3448,
5449,
7823,
10487,
13455,
16608,
19905,
23270,
26643,
29953,
33137,
36131,
38880,
41312,
43408,
45103,
46369,
47175,
47511,
47365,
46754,
45672,
44147,
42222,
39925,
37198,
34394,
31283,
28017,
24661,
21290,
17963,
14742,
11695,
8892,
6392,
4226,
2504,
1260,
568,
402,
384,
404,
1282,
2713,
4513,
6726,
9279,
12106,
15191,
18439,
21774,
25152,
28493,
31742,
34831,
37697,
40278,
42530,
44402,
45864,
46876,
47418,
47495,
47081,
46217,
44883,
43133,
40987,
38506,
35743,
32713,
29500,
26178,
22796,
19432,
16157,
13022,
10106,
7463,
5140,
3211,
1754,
802,
440,
389,
390,
557,
2052,
3660,
5700,
8108,
10828,
13804,
16980,
20286,
23654,
27020,
30319,
33486,
36459,
39176,
41579,
43622,
45268,
46476,
47236,
47522,
47328,
46656,
45523,
43957,
41984,
39647,
36873,
34058,
30925,
27646,
24285,
20913,
17596,
14392,
11371,
8592,
6127,
3852,
2341,
1152,
531,
398,
379,
400,
1445,
2892,
4743,
6999,
9582,
12447,
15548,
18813,
22156,
25529,
28868,
32097,
35172,
38012,
40553,
42760,
44585,
46007,
46965,
47453,
47475,
47014,
46089,
44706,
42903,
40725,
38207,
35388,
32335,
29111,
25787,
22408,
19053,
15792,
12680,
9792,
7183,
4897,
3023,
1615,
730,
424,
384,
387,
739,
2216,
3878,
5962,
8401,
11184,
14191,
17381,
20691,
24058,
27425,
30702,
33853,
36794,
39473,
41838,
43832,
45433,
46591,
47303,
47526,
47272,
46552,
45372,
43758,
41737,
39361,
36661,
33717,
30562,
27272,
23899,
20536,
17221,
14038,
11041,
8301,
5870,
3797,
2180,
1055,
499,
394,
385,
421,
1603,
3081,
4983,
7283,
9985,
12795,
15908,
19182,
22533,
25902,
29235,
32458,
35500,
38310,
40817,
42984,
44766,
46130,
47035,
47474,
47438,
46933,
45956,
44517,
42675,
40452,
37904,
35049,
31978,
28745,
25399,
22028,
18678,
15427,
12341,
9482,
6906,
4668,
2842,
1492,
670,
419,
392,
392,
936,
2382,
4081,
6220,
8696,
11494,
14539,
17746,
21068,
24435,
27791,
31062,
34195,
37108,
39752,
42078,
44030,
45588,
46696,
47346,
47520,
47217,
46443,
45212,
43549,
41491,
39076,
36344,
33366,
30196,
26886,
23525,
20161,
16856,
13684,
10716,
8008,
5614,
3592,
2024,
962,
476,
398,
388,
433,
1751,
3273,
5220,
7557,
10289,
13134,
16267,
19550,
22911,
26288,
29609,
32809,
35830,
38606,
41078,
43362,
44948,
46259,
47116,
47504,
47413,
46842,
45813,
44332,
42454,
40189,
37595,
34716,
31623,
28372,
25021,
21647,
18309,
15073,
12003,
9169,
6633,
4441,
2661,
1367,
615,
410,
386,
394,
1112,
2550,
4301,
6477,
8994,
11806,
14864,
18091,
21425,
24800,
28151,
31412,
34521,
37414,
40025,
42304,
44221,
45729,
46786,
47385,
47505,
47143,
46322,
45041,
43331,
41237,
38787,
36047,
33049,
29856,
26534,
23157,
19790,
16492,
13346,
10401,
7729,
5369,
3385,
1874,
872,
445,
386,
379,
463,
1896,
3460,
5459,
7832,
10497,
13475,
16630,
19927,
23290,
26662,
29972,
33155,
36153,
38900,
41336,
43425,
45104,
46372,
47173,
47504,
47360,
46743,
45666,
44137,
42204,
39905,
37184,
34379,
31263,
27993,
24638,
21265,
17935,
14715,
11672,
8868,
6367,
4211,
2490,
1249,
571,
405,
384,
396,
1289,
2718,
4530,
6745,
9295,
12131,
15214,
18463,
21802,
25180,
28522,
31769,
34857,
37721,
40292,
42543,
44410,
45870,
46871,
47416,
47488,
47072,
46204,
44874,
43116,
40974,
38490,
35724,
32696,
29486,
26155,
22775,
19419,
16128,
13005,
10087,
7445,
5121,
3199,
1746,
794,
437,
386,
383,
568,
2065,
3673,
5721,
8131,
10851,
13825,
17009,
20312,
23682,
27053,
30346,
33510,
36481,
39192,
41590,
43633,
45279,
46481,
47237,
47514,
47314,
46647,
45520,
43946,
41972,
39631,
36853,
34035,
30899,
27619,
24257,
20894,
17567,
14366,
11341,
8574,
6108,
3835,
2328,
1142,
525,
393,
379,
404,
1449,
2901,
4745,
7011,
9604,
12469,
15568,
18832,
22177,
25557,
28897,
32124,
35194,
38030,
40566,
42772,
44596,
46005,
46963,
47454,
47465,
47004,
46077,
44691,
42892,
40708,
38189,
35366,
32310,
29085,
25755,
22377,
19028,
15763,
12653,
9767,
7165,
4880,
3009,
1603,
721,
430,
387,
387,
714,
2211,
3877,
5965,
8413,
11198,
14206,
17392,
20712,
24075,
27437,
30720,
33865,
36809,
39478,
41845,
43839,
45441,
46590,
47296,
47519,
47273,
46543,
45362,
43737,
41721,
39344,
36640,
33690,
30536,
27243,
23876,
20505,
17192,
14011,
11019,
8285,
5852,
3782,
2161,
1043,
498,
398,
380,
414,
1606,
3085,
4988,
7289,
10003,
12821,
15933,
19207,
22561,
25930,
29262,
32479,
35520,
38323,
40836,
42999,
44776,
46135,
47033,
47477,
47442,
46921,
45939,
44507,
42667,
40433,
37880,
35027,
31953,
28716,
25373,
21999,
18657,
15407,
12317,
9462,
6890,
4653,
2827,
1475,
665,
420,
384,
389,
917,
2386,
4094,
6230,
8712,
11515,
14561,
17766,
21086,
24456,
27814,
31084,
34208,
37127,
39766,
42090,
44042,
45590,
46699,
47345,
47517,
47208,
46434,
45198,
43529,
41472,
39055,
36315,
33341,
30174,
26868,
23495,
20131,
16828,
13666,
10700,
7993,
5597,
3576,
2019,
957,
471,
392,
382,
436,
1760,
3281,
5239,
7575,
10320,
13164,
16297,
19581,
22943,
26316,
29637,
32834,
35848,
38626,
41097,
43374,
44958,
46268,
47119,
47506,
47408,
46840,
45808,
44323,
42437,
40168,
37571,
34691,
31596,
28340,
24999,
21625,
18287,
15049,
11987,
9158,
6621,
4424,
2650,
1359,
612,
408,
390,
394,
1128,
2558,
4316,
6501,
9018,
11831,
14883,
18110,
21441,
24818,
28174,
31430,
34540,
37429,
40037,
42319,
44227,
45738,
46794,
47394,
47509,
47147,
46317,
45031,
43321,
41219,
38764,
36022,
33026,
29827,
26505,
23121,
19763,
16470,
13320,
10385,
7703,
5351,
3378,
1871,
862,
454,
385,
385,
471,
1913,
3480,
5482,
7860,
10524,
13500,
16663,
19957,
23321,
26689,
29999,
33185,
36177,
38921,
41353,
43437,
45124,
46382,
47186,
47517,
47368,
46743,
45656,
44128,
42198,
39893,
37166,
34356,
31240,
27973,
24614,
21243,
17909,
14696,
11651,
8853,
6348,
4195,
2475,
1241,
563,
404,
382,
396,
1298,
2726,
4534,
6758,
9316,
12149,
15230,
18480,
21817,
25194,
28538,
31779,
34870,
37733,
40309,
42553,
44418,
45876,
46878,
47420,
47493,
47073,
46193,
44855,
43096,
40947,
38461,
35689,
32668,
29451,
26121,
22742,
19383,
16104,
12970,
10055,
7417,
5103,
3179,
1727,
787,
434,
386,
379,
560,
2069,
3686,
5729,
8141,
10865,
13842,
17020,
20331,
23696,
27063,
30365,
33533,
36492,
39200,
41606,
43647,
45288,
46492,
47239,
47515,
47319,
46641,
45502,
43934,
41963,
39611,
36831,
34018,
30876,
27599,
24235,
20871,
17545,
14344,
11325,
8559,
6095,
3825,
2319,
1136,
529,
395,
381,
404,
1469,
2917,
4770,
7036,
9624,
12494,
15593,
18860,
22206,
25581,
28918,
32143,
35207,
38044,
40582,
42789,
44608,
46016,
46965,
47453,
47465,
46997,
46074,
44677,
42875,
40686,
38167,
35349,
32288,
29067,
25732,
22357,
19010,
15742,
12638,
9750,
7145,
4867,
2994,
1595,
718,
424,
391,
390,
741,
2234,
3895,
5989,
8438,
11232,
14232,
17420,
20736,
24099,
27468,
30744,
33890,
36835,
39505,
41862,
43854,
45449,
46607,
47302,
47522,
47266,
46541,
45358,
43732,
41707,
39325,
36620,
33676,
30521,
27223,
23852,
20489,
17176,
13993,
11000,
8264,
5838,
3771,
2160,
1041,
497,
397,
378,
417,
1622,
3101,
5008,
7311,
10025,
12837,
15954,
19228,
22581,
25961,
29285,
32498,
35542,
38347,
40853,
43014,
44791,
46146,
47038,
47481,
47438,
46917,
45939,
44496,
42649,
40421,
37859,
35002,
31930,
28692,
25354,
21977,
18634,
15380,
12300,
9438,
6869,
4636,
2820,
1470,
664,
421,
391,
390,
955,
2402,
4108,
6252,
8733,
11537,
14581,
17789,
21110,
25138,
27833,
31102,
34233,
37148,
39785,
42104,
44053,
45601,
46725,
47362,
47524,
47217,
46435,
45194,
43523,
41460,
39039,
36307,
33326,
30152,
26846,
23477,
20115,
16808,
13646,
10679,
7976,
5582,
3567,
2011,
842,
479,
408,
391,
447,
1774,
3300,
5252,
7590,
10337,
13187,
16320,
19602,
22962,
26337,
29657,
32853,
35870,
38644,
41114,
43389,
44974,
46275,
47127,
47501,
47409,
46830,
45794,
44313,
42421,
40153,
37555,
34675,
31574,
28326,
24975,
21601,
18265,
15030,
11966,
9134,
6606,
4411,
2646,
1353,
603,
422,
393,
394,
1151,
2566,
4329,
6512,
9039,
11845,
14905,
18136,
21471,
24843,
28199,
31461,
34565,
37451,
40061,
42341,
44247,
45750,
46812,
47429,
47517,
47150,
46319,
45024,
43309,
41205,
38746,
36007,
33015,
29816,
26487,
23108,
19743,
16454,
13300,
10369,
7694,
5339,
3368,
1865,
875,
397,
386,
386,
490,
1927,
3497,
5494,
7878,
10544,
13523,
16685,
19982,
23342,
26717,
30028,
33205,
36201,
38939,
41375,
43455,
45138,
46387,
47191,
47509,
47359,
46731,
45645,
44112,
42184,
39869,
37145,
34334,
31215,
27952,
24589,
21218,
17892,
14672,
11632,
8830,
6336,
4184,
2469,
1238,
522,
409,
378,
393,
1322,
2745,
4553,
6783,
9331,
12171,
15262,
18508,
21847,
25224,
28566,
31810,
34897,
37763,
40333,
42573,
44434,
45889,
46897,
47447,
47501,
47085,
46199,
44850,
43094,
40947,
38457,
35685,
32653,
29434,
26107,
22725,
19366,
16086,
12960,
10045,
7405,
5092,
3180,
1729,
768,
483,
391,
386,
591,
2085,
3695,
5745,
8163,
10886,
13864,
17049,
20351,
23719,
27092,
30393,
33552,
36517,
39227,
41622,
43653,
45294,
46498,
47251,
47526,
47318,
46636,
45500,
43920,
41941,
39594,
36813,
33997,
30856,
27568,
24208,
20840,
17519,
14319,
11308,
8537,
6075,
3811,
2313,
1132,
528,
409,
366,
398,
1486,
2930,
4786,
7057,
9644,
12521,
15618,
18883,
22232,
25607,
28943,
32169,
35235,
38066,
40601,
42804,
44620,
46023,
46964,
47456,
47464,
46996,
46064,
44673,
42868,
40682,
38153,
35327,
32269,
29046,
25714,
22334,
18986,
15720,
12621,
9735,
7131,
4857,
2992,
1591,
679,
403,
369,
378,
806,
2249,
3910,
6009,
8455,
11242,
14259,
17448,
20762,
24130,
27487,
30770,
33910,
36853,
39521,
41878,
43869,
45459,
46590,
47301,
47521,
47266,
46534,
45342,
43719,
41692,
39312,
36602,
33653,
30495,
27198,
23831,
20469,
17152,
13971,
10982,
8249,
5825,
3760,
2151,
1033,
439,
398,
390,
415,
1634,
3116,
5030,
7333,
10042,
12866,
15983,
19267,
22613,
25991,
29311,
32523,
35564,
38369,
40867,
43028,
44802,
46150,
47294,
47485,
47440,
46913,
45931,
44491,
42638,
40403,
37847,
34989,
31908,
28668,
25326,
21950,
18612,
15361,
12275,
9421,
6859,
4621,
2806,
1470,
654,
434,
368,
380,
1015,
2411,
4133,
6270,
8751,
11562,
14601,
17808,
21135,
24504,
27859,
31127,
34258,
37162,
39803,
42119,
44065,
45607,
46704,
47344,
47515,
47203,
46425,
45178,
43508,
41444,
39020,
36281,
33299,
30124,
26818,
23447,
20090,
16782,
13621,
10662,
7960,
5570,
3559,
1999,
949,
497,
378,
371,
444,
1789,
3314,
5273,
7622,
10361,
13211,
16350,
19636,
22991,
26368,
29682,
32879,
35898,
38668,
41128,
43401,
44979,
46279,
47198,
47514,
47410,
46828,
45794,
44302,
42407,
40130,
37542,
34652,
31551,
28295,
24948,
21575,
18236,
15007,
11944,
9117,
6587,
4395,
2624,
1346,
569,
453,
390,
394,
1156,
2580,
4339,
6527,
9052,
11869,
14928,
18159,
21490,
24866,
28221,
31476,
34581,
37469,
40072,
42352,
44255,
45749,
46832,
47397,
47518,
47150,
46315,
45020,
43300,
41189,
38731,
35981,
32986,
29785,
26462,
23087,
19721,
16431,
13286,
10349,
7676,
5321,
3364,
1854,
857,
439,
367,
378,
493,
1936,
3512,
5520,
7900,
10570,
13551,
16712,
20008,
23370,
26741,
30051,
33231,
36221,
38960,
41386,
43469,
45141,
46396,
47194,
47516,
47360,
46734,
45640,
44106,
42171,
39857,
37129,
34316,
31189,
27923,
24567,
21196,
17867,
14651,
11614,
8814,
6324,
4175,
2464,
1241,
521,
403,
375,
395,
1329,
2756,
4572,
6797,
9355,
12199,
15286,
18533,
21878,
25248,
28591,
31831,
34920,
37777,
40344,
42582,
44442,
45895,
46919,
47451,
47498,
47080,
46187,
44841,
43078,
40921,
38429,
35656,
32624,
29404,
26077,
22704,
19347,
16061,
12936,
10019,
7388,
5078,
3162,
1710,
761,
481,
392,
381,
586,
2092,
3713,
5764,
8183,
10912,
13892,
17070,
20381,
23743,
27116,
30417,
33577,
36539,
39243,
41636,
43671,
45309,
46506,
47325,
47522,
47318,
46627,
45488,
43911,
41925,
39576,
36793,
33974,
30835,
27549,
24189,
20821,
17496,
14300,
11283,
8523,
6062,
3799,
2295,
1122,
518,
401,
380,
409,
1486,
2933,
4804,
7067,
9666,
12536,
15639,
18896,
22251,
25625,
28963,
32188,
35257,
38080,
40617,
42812,
44636,
46036,
46984,
47458,
47466,
46993,
46054,
44658,
42846,
40652,
38126,
35301,
32239,
29018,
25684,
22309,
18960,
15693,
12594,
9716,
7112,
4836,
2974,
1580,
716,
428,
386,
384,
763,
2256,
3922,
6018,
8476,
11269,
14276,
17469,
20785,
24151,
27512,
30796,
33930,
36869,
39545,
41898,
43884,
45470,
46611,
47306,
47523,
47262,
46525,
45334,
43702,
41676,
39287,
36574,
33624,
30465,
27174,
23804,
20440,
17126,
13948,
10957,
8226,
5805,
3743,
2139,
1026,
498,
399,
385,
421,
1638,
3128,
5043,
7348,
10055,
12880,
15995,
19274,
22631,
26002,
29332,
32543,
35580,
38382,
40882,
43040,
44810,
46158,
47050,
47480,
47428,
46906,
45912,
44469,
42618,
40381,
37820,
34959,
31885,
28646,
25303,
21927,
18584,
15336,
12258,
9403,
6838,
4602,
2792,
1457,
650,
410,
381,
391,
969,
2417,
4138,
6282,
8767,
11579,
14623,
17832,
21157,
24521,
27881,
31148,
34269,
37180,
39817,
42135,
44078,
45621,
46721,
47352,
47512,
47195,
46410,
45166,
43491,
41422,
38997,
36259,
33271,
30095,
26790,
23420,
20058,
16757,
13597,
10630,
7939,
5543,
3537,
1983,
928,
468,
386,
384,
434,
1781,
3312,
5272,
7617,
10363,
13217,
16352,
19635,
22994,
26367,
29690,
32882,
35897,
38672,
41135,
43408,
44978,
46277,
47125,
47493,
47387,
46811,
45771,
44275,
42376,
40103,
37503,
34620,
31517,
28266,
24909,
21536,
18205,
14972,
11915,
9089,
6558,
4369,
2612,
1333,
593,
407,
384,
392,
1162,
2590,
4356,
6542,
9066,
11881,
14945,
18176,
21515,
24888,
28238,
31494,
34602,
37487,
40090,
42369,
44266,
45762,
46809,
47394,
47501,
47135,
46297,
45001,
43273,
41165,
38708,
35962,
32960,
29768,
26439,
23062,
19697,
16402,
13261,
10327,
7662,
5305,
3344,
1848,
854,
450,
390,
383,
501,
1944,
3520,
5534,
7917,
10590,
13572,
16728,
20028,
23391,
26763,
30073,
33248,
36237,
38978,
41404,
43482,
45153,
46400,
47186,
47516,
47357,
46720,
45630,
44092,
42150,
39839,
37108,
34295,
31172,
27907,
24546,
21174,
17846,
14632,
11590,
8796,
6311,
4164,
2456,
1231,
556,
403,
384,
401,
1345,
2778,
4594,
6815,
9378,
12219,
15307,
18558,
21900,
25273,
28619,
31862,
34941,
37797,
40368,
42601,
44458,
45907,
46900,
47431,
47484,
47057,
46168,
44825,
43061,
40910,
38415,
35641,
32604,
29389,
26057,
22681,
19322,
16041,
12917,
10009,
7370,
5065,
3152,
1707,
784,
433,
387,
386,
596,
2099,
3718,
5780,
8203,
10939,
13916,
17094,
20405,
23769,
27141,
30437,
33601,
36560,
39268,
41654,
43684,
45317,
46514,
47252,
47519,
47307,
46619,
45478,
43894,
41909,
39559,
36773,
33954,
30812,
27529,
24161,
20791,
17471,
14276,
11262,
8501,
6040,
3777,
2285,
1122,
521,
394,
380,
402,
1498,
2948,
4816,
7087,
9688,
12562,
15659,
18926,
22278,
25654,
28989,
32214,
35278,
38105,
40636,
42829,
44640,
46035,
46984,
47461,
47465,
46981,
46046,
44648,
42835,
40643,
38111,
35289,
32230,
28999,
25665,
22282,
18935,
15677,
12571,
9692,
7092,
4822,
2964,
1573,
711,
424,
387,
386,
767,
2263,
3932,
6040,
8494,
11283,
14302,
17493,
20811,
24174,
27538,
30816,
33957,
36892,
39563,
41914,
43897,
45479,
46628,
47308,
47524,
47258,
46516,
45325,
43693,
41666,
39277,
36562,
33611,
30448,
27151,
23784,
20414,
17105,
13928,
10939,
8212,
5791,
3736,
2137,
1022,
489,
392,
382,
422,
1644,
3137,
5052,
7366,
10086,
12906,
16024,
19300,
22658,
26034,
29362,
32567,
35608,
38401,
40904,
43053,
44819,
46166,
47059,
47483,
47426,
46898,
45908,
44462,
42611,
40369,
37806,
34945,
31868,
28622,
25277,
21908,
18567,
15311,
12234,
9379,
6820,
4592,
2784,
1452,
648,
413,
384,
388,
986,
2429,
4154,
6295,
8790,
11594,
14651,
17867,
21189,
24555,
27908,
31181,
34295,
37207,
39840,
42153,
44095,
45635,
46725,
47357,
47517,
47197,
46409,
45164,
43483,
41412,
38982,
36241,
33259,
30079,
26770,
23406,
20038,
16738,
13580,
10619,
7922,
5537,
3529,
1981,
929,
464,
392,
382,
444,
1793,
3329,
5294,
7648,
10396,
13247,
16387,
19675,
23036,
26405,
29727,
32918,
35937,
38697,
41160,
43426,
44993,
46288,
47129,
47496,
47393,
46814,
45764,
44271,
42370,
40092,
37494,
34604,
31505,
28248,
24892,
21523,
18187,
14953,
11898,
9082,
6553,
4366,
2609,
1330,
600,
407,
385,
393,
1165,
2599,
4366,
6556,
9084,
11905,
14971,
18205,
21543,
24915,
28260,
31518,
34621,
37506,
40112,
42382,
44276,
45773,
46813,
47395,
47505,
47125,
46290,
44991,
43270,
41150,
38689,
35946,
32941,
29738,
26408,
23032,
19670,
16383,
13238,
10307,
7645,
5297,
3338,
1843,
849,
449,
386,
383,
502,
1959,
3534,
5548,
7934,
10611,
13596,
16755,
20057,
23419,
26788,
30097,
33271,
36262,
39001,
41423,
43498,
45169,
46408,
47197,
47517,
47363,
46721,
45625,
44082,
42141,
39824,
37090,
34268,
31151,
27883,
24522,
21149,
17827,
14611,
11577,
8782,
6296,
4154,
2448,
1225,
557,
403,
384,
402,
1351,
2783,
4599,
6838,
9399,
12241,
15325,
18578,
21923,
25297,
28639,
31875,
34960,
37816,
40378,
42609,
44463,
45911,
46902,
47428,
47481,
47056,
46162,
44810,
43046,
40888,
38392,
35616,
32583,
29357,
26030,
22652,
19300,
16017,
12897,
9988,
7360,
5048,
3142,
1697,
782,
435,
388,
384,
625,
2117,
3747,
5804,
8219,
10955,
13937,
17120,
20425,
23796,
27162,
30461,
33618,
36581,
39282,
41671,
43694,
45327,
46517,
47256,
47519,
47307,
46616,
45475,
43883,
41898,
39545,
36752,
33932,
30793,
27507,
24139,
20772,
17455,
14262,
11250,
8485,
6035,
3779,
2282,
1115,
515,
395,
384,
408,
1512,
2961,
4843,
7114,
9710,
12588,
15696,
18949,
22304,
25680,
29014,
32238,
35297,
38126,
40650,
42841,
44655,
46050,
46989,
47462,
47460,
46985,
46038,
44636,
42821,
40623,
38092,
35263,
32200,
28973,
25639,
22265,
18912,
15655,
12555,
9673,
7081,
4809,
2950,
1566,
706,
426,
384,
389,
798,
2275,
3955,
6060,
8521,
11311,
14326,
17520,
20836,
24196,
27561,
30842,
33976,
36910,
39580,
41926,
43908,
45492,
46633,
47313,
47521,
47253,
46508,
45316,
43679,
41650,
39258,
36543,
33586,
30422,
27131,
23765,
20401,
17089,
13911,
10924,
8193,
5773,
3717,
2122,
1013,
493,
396,
385,
419,
1660,
3156,
5071,
7389,
10108,
12925,
16048,
19325,
22676,
26051,
29378,
32586,
35622,
38416,
40916,
43067,
44835,
46182,
47065,
47486,
47428,
46898,
45896,
44447,
42594,
40352,
37781,
34921,
31841,
28601,
25257,
21884,
18544,
15289,
12213,
9364,
6800,
4579,
2768,
1442,
645,
414,
381,
386,
997,
2445,
4166,
6317,
8815,
11619,
14670,
17886,
21206,
24577,
27933,
31193,
34317,
37223,
39853,
42165,
44106,
45645,
46727,
47359,
47514,
47193,
46400,
45149,
43464,
41390,
38963,
36222,
33228,
30057,
26749,
23377,
20011,
16714,
13556,
10598,
7900,
5517,
3512,
1966,
924,
464,
391,
387,
441,
1809,
3337,
5310,
7659,
10411,
13270,
16408,
19693,
23055,
26431,
29750,
32934,
35951,
38714,
41174,
43443,
45009,
46298,
47134,
47505,
47392,
46810,
45757,
44260,
42360,
40079,
37472,
34582,
31490,
28228,
24873,
21505,
18168,
14934,
11880,
9056,
6536,
4351,
2590,
1317,
595,
410,
384,
400,
1177,
2612,
4385,
6575,
9107,
11930,
15000,
18229,
21566,
24933,
28287,
31543,
34642,
37530,
40128,
42396,
44291,
45786,
46823,
47396,
47503,
47122,
46280,
44977,
43247,
41132,
38673,
35917,
32918,
29714,
26395,
23009,
19642,
16352,
13217,
10278,
7610,
5269,
3309,
1825,
835,
441,
385,
385,
491,
1957,
3538,
5554,
7943,
10618,
13600,
16765,
20071,
23437,
26805,
30107,
33287,
36276,
39012,
41429,
43505,
45171,
46418,
47202,
47514,
47344,
46711,
45606,
44064,
42117,
39800,
37069,
34247,
31121,
27851,
24494,
21127,
17792,
14583,
11546,
8757,
6269,
4132,
2425,
1211,
551,
402,
386,
396,
1358,
2788,
4613,
6844,
9412,
12254,
15347,
18596,
21942,
25317,
28660,
31903,
34987,
37838,
40398,
42630,
44479,
45920,
46907,
47435,
47481,
47054,
46154,
44797,
43026,
40877,
38376,
35594,
32562,
29344,
26012,
22632,
19275,
15994,
12875,
9972,
7338,
5034,
3131,
1690,
773,
433,
388,
383,
623,
2117,
3749,
5814,
8232,
10974,
13959,
17146,
20453,
23818,
27191,
30487,
33645,
36600,
39305,
41690,
43715,
45341,
46527,
47263,
47521,
47297,
46607,
45460,
43857,
41877,
39522,
36728,
33909,
30768,
27482,
24115,
20745,
17425,
14230,
11224,
8468,
6012,
3757,
2269,
1109,
519,
396,
387,
408,
1515,
2974,
4844,
7122,
9722,
12599,
15709,
18977,
22325,
25703,
29035,
32262,
35320,
38147,
40679,
42859,
44669,
46056,
46993,
47471,
47464,
46977,
46025,
44618,
42808,
40609,
38071,
35243,
32180,
28948,
25613,
22240,
18891,
15631,
12529,
9658,
7063,
4798,
2944,
1559,
705,
427,
386,
391,
817,
2291,
3965,
6073,
8534,
11327,
14345,
17539,
20856,
24228,
27586,
30867,
34003,
36935,
39598,
41943,
43926,
45504,
46639,
47319,
47526,
47253,
46503,
45303,
43670,
41642,
39242,
36522,
33565,
30405,
27105,
23736,
20370,
17062,
13886,
10900,
8169,
5757,
3711,
2118,
1007,
491,
395,
386,
424,
1667,
3161,
5082,
7398,
10123,
12943,
16064,
19347,
22708,
26081,
29401,
32614,
35647,
38442,
40938,
43080,
44845,
46183,
47070,
47484,
47424,
46887,
45890,
44437,
42581,
40337,
37769,
34898,
31820,
28575,
25229,
21858,
18519,
15271,
12194,
9346,
6789,
4568,
2762,
1433,
644,
418,
382,
397,
1006,
2453,
4174,
6327,
8825,
11636,
14692,
17902,
21224,
24600,
27955,
31218,
34340,
37244,
39873,
42177,
44116,
45649,
46735,
47362,
47510,
47188,
46391,
45136,
43456,
41381,
38946,
36198,
33215,
30033,
26726,
23348,
19989,
16688,
13535,
10577,
7881,
5504,
3508,
1962,
917,
461,
389,
387,
448,
1816,
3354,
5326,
7682,
10435,
13290,
16435,
19724,
23083,
26453,
29776,
32961,
35970,
38733,
41192,
43457,
45020,
46304,
47137,
47501,
47388,
46804,
45751,
44248,
42344,
40063,
37457,
34563,
31458,
28204,
24848,
21479,
18144,
14914,
11856,
9041,
6522,
4336,
2591,
1320,
595,
409,
388,
395,
1198,
2625,
4401,
6598,
9131,
11951,
15022,
18256,
21590,
24965,
28308,
31566,
34665,
37541,
40146,
42408,
44303,
45787,
46827,
47402,
47500,
47123,
46274,
44971,
43242,
41120,
38653,
35901,
32901,
29697,
26367,
22992,
19627,
16338,
13196,
10260,
7604,
5263,
3308,
1820,
841,
445,
385,
386,
502,
1971,
3558,
5580,
7963,
10644,
13634,
16797,
20098,
23461,
26833,
30139,
33315,
36298,
39028,
41447,
43519,
45187,
46421,
47207,
47516,
47345,
46706,
45605,
44059,
42112,
39789,
37048,
34228,
31104,
27830,
24471,
21102,
17770,
14561,
11527,
8745,
6253,
4117,
2420,
1205,
545,
401,
384,
394,
1360,
2795,
4624,
6863,
9436,
12278,
15372,
18628,
21963,
25345,
28685,
31920,
35002,
37851,
40419,
42636,
44487,
45928,
46915,
47436,
47479,
47049,
46149,
44795,
43016,
40859,
38354,
35574,
32540,
29318,
25985,
22603,
19250,
15976,
12854,
9948,
7324,
5018,
3117,
1684,
767,
432,
383,
387,
641,
2136,
3765,
5839,
8263,
10999,
13986,
17167,
20479,
23848,
27215,
30506,
33667,
36625,
39321,
41708,
43727,
45344,
46531,
47266,
47530,
47301,
46605,
45453,
43860,
41864,
39511,
36717,
33890,
30749,
27460,
24089,
20722,
17406,
14217,
11207,
8449,
6000,
3748,
2260,
1100,
510,
397,
382,
412,
1535,
2987,
4865,
7143,
9745,
12629,
15737,
19002,
22352,
25723,
29060,
32281,
35334,
38162,
40687,
42871,
44675,
46067,
46994,
47459,
47454,
46964,
46017,
44610,
42795,
40585,
38052,
35218,
32149,
28924,
25593,
22214,
18869,
15605,
12507,
9635,
7039,
4778,
2932,
1549,
700,
421,
384,
389,
808,
2296,
3976,
6089,
8548,
11351,
14368,
17565,
20878,
24248,
27606,
30880,
34021,
36948,
39611,
41953,
43923,
45508,
46645,
47322,
47519,
47241,
46496,
45293,
43655,
41612,
39217,
36496,
33538,
30380,
27075,
23714,
20350,
17039,
13861,
10880,
8156,
5737,
3691,
2100,
1002,
485,
395,
382,
428,
1672,
3175,
5098,
7420,
10142,
12971,
16092,
19371,
22721,
26098,
29430,
32634,
35667,
38461,
40944,
43096,
44854,
46193,
47070,
47487,
47423,
46884,
45877,
44424,
42558,
40318,
37742,
34877,
31790,
28550,
25206,
21838,
18496,
15249,
12178,
9321,
6774,
4550,
2750,
1424,
637,
413,
385,
393,
1014,
2456,
4191,
6352,
8848,
11663,
14719,
17932,
21255,
24621,
27977,
31244,
34361,
37266,
39892,
42197,
44128,
45663,
46741,
47367,
47516,
47185,
46382,
45130,
43434,
41355,
38926,
36178,
33189,
30010,
26702,
23329,
19966,
16670,
13512,
10561,
7874,
5489,
3493,
1946,
912,
466,
391,
390,
447,
1825,
3370,
5340,
7702,
10456,
13311,
16458,
19749,
23100,
26478,
29798,
32984,
35991,
38759,
41212,
43471,
45031,
46313,
47148,
47506,
47388,
46794,
45739,
44236,
42326,
40045,
37432,
34540,
31436,
28180,
24829,
21454,
18124,
14894,
11837,
9024,
6503,
4327,
2577,
1307,
588,
416,
388,
400,
1209,
2638,
4416,
6607,
9144,
11964,
15035,
18272,
21606,
24984,
28328,
31584,
34687,
37563,
40155,
42421,
44317,
45798,
46833,
47405,
47491,
47112,
46257,
44951,
43223,
41095,
38626,
35872,
32865,
29662,
26342,
22962,
19598,
16309,
13169,
10237,
7577,
5242,
3293,
1810,
834,
445,
383,
377,
506,
1980,
3573,
5586,
7981,
10665,
13652,
16814,
20119,
23480,
26856,
30161,
33330,
36315,
39047,
41462,
43531,
45193,
46432,
47210,
47514,
47346,
46695,
45597,
44040,
42089,
39768,
37028,
34208,
31087,
27809,
24446,
21076,
17752,
14536,
11510,
8727,
6242,
4111,
2412,
1198,
547,
401,
385,
402,
1387,
2813,
4641,
6881,
9456,
12300,
15390,
18646,
21988,
25364,
28705,
31940,
35023,
37870,
40434,
42658,
44504,
45941,
46918,
47436,
47477,
47040,
46143,
44780,
42993,
40834,
38332,
35545,
32515,
29293,
25963,
22576,
19225,
15948,
12830,
9925,
7303,
5004,
3104,
1674,
756,
430,
386,
383,
647,
2139,
3779,
5842,
8270,
11008,
13998,
17185,
20493,
23860,
27227,
30520,
33682,
36639,
39331,
41713,
43731,
45353,
46535,
47266,
47520,
47291,
46595,
45435,
43832,
41838,
39483,
36692,
33861,
30720,
27430,
24061,
20692,
17373,
14184,
11180,
8424,
5977,
3733,
2249,
1090,
507,
396,
378,
405,
1543,
2997,
4874,
7156,
9762,
12645,
15755,
19023,
22370,
25743,
29078,
32301,
35357,
38180,
40705,
42886,
44688,
46071,
46999,
47467,
47452,
46957,
46008,
44598,
42773,
40573,
38035,
35197,
32125,
28900,
25570,
22191,
18843,
15581,
12488,
9611,
7027,
4767,
2916,
1541,
698,
421,
389,
395,
837,
2306,
3993,
6109,
8570,
11372,
14391,
17584,
20904,
24264,
27629,
30906,
34043,
36966,
39622,
41968,
43940,
45517,
46646,
47319,
47515,
47237,
46483,
45278,
43634,
41600,
39199,
36470,
33514,
30357,
27058,
23686,
20321,
17011,
13835,
10856,
8141,
5724,
3680,
2094,
995,
488,
394,
384,
424,
1692,
3185,
5116,
7440,
10164,
12988,
16113,
19393,
22751,
26125,
29450,
32656,
35686,
38476,
40967,
43107,
44872,
46199,
47078,
47489,
47421,
46877,
45869,
44412,
42548,
40305,
37733,
34863,
31775,
28535,
25187,
21813,
18470,
15228,
12148,
9302,
6756,
4534,
2737,
1418,
636,
417,
385,
395,
1035,
2471,
4205,
6365,
8865,
11682,
14739,
17947,
21277,
24648,
27998,
31271,
34381,
37284,
39910,
42204,
44141,
45667,
46743,
47366,
47511,
47178,
46371,
45117,
43426,
41347,
38913,
36158,
33168,
29989,
26674,
23307,
19945,
16644,
13490,
10533,
7848,
5473,
3482,
1943,
907,
464,
391,
387,
450,
1841,
3380,
5355,
7716,
10475,
13334,
16482,
19777,
23130,
26507,
29820,
33009,
36019,
38771,
41228,
43482,
45043,
46323,
47147,
47502,
47385,
46786,
45732,
44226,
42319,
40033,
37421,
34526,
31414,
28160,
24804,
21433,
18098,
14867,
11812,
8998,
6484,
4309,
2569,
1301,
588,
407,
384,
398,
1212,
2639,
4427,
6621,
9160,
11985,
15062,
18301,
21639,
25012,
28357,
31606,
34704,
37586,
40172,
42438,
44325,
45810,
46831,
47402,
47493,
47102,
46255,
44938,
43206,
41086,
38612,
35850,
32847,
29643,
26324,
22937,
19580,
16288,
13147,
10221,
7563,
5228,
3280,
1803,
821,
444,
389,
386,
508,
1990,
3580,
5606,
8004,
10683,
13676,
16847,
20139,
23509,
26877,
30193,
33361,
36336,
39063,
41481,
43542,
45202,
46430,
47207,
47511,
47341,
46693,
45581,
44028,
42073,
39753,
37006,
34182,
31058,
27782,
24418,
21051,
17723,
14513,
11489,
8702,
6223,
4090,
2398,
1193,
548,
408,
384,
403,
1384,
2816,
4656,
6898,
9472,
12319,
15411,
18668,
22015,
25387,
28725,
31967,
35045,
37892,
40451,
42676,
44514,
45941,
46921,
47440,
47473,
47039,
46128,
44767,
42983,
40820,
38317,
35528,
32492,
29273,
25934,
22552,
19198,
15921,
12803,
9911,
7290,
4985,
3092,
1664,
758,
429,
385,
385,
645,
2150,
3792,
5857,
8290,
11032,
14023,
17210,
20523,
23887,
27258,
30549,
33702,
36658,
39350,
41731,
43744,
45363,
46538,
47262,
47519,
47293,
46588,
45427,
43824,
41830,
39462,
36664,
33842,
30695,
27406,
24036,
20672,
17349,
14164,
11158,
8403,
5959,
3717,
2235,
1080,
510,
398,
380,
408,
1541,
3003,
4889,
7168,
9776,
12661,
15773,
19041,
22391,
25770,
29101,
32321,
35380,
38197,
40718,
42900,
44703,
46082,
47006,
47471,
47456,
46959,
46003,
44588,
42770,
40557,
38013,
35178,
32107,
28879,
25538,
22164,
18816,
15562,
12465,
9597,
7011,
4754,
2909,
1542,
694,
427,
390,
389,
850,
2322,
4001,
6122,
8593,
11394,
14410,
17609,
20924,
24290,
27652,
30929,
34066,
36993,
39652,
41988,
43959,
45530,
46663,
47329,
47527,
47249,
46490,
45278,
43633,
41588,
39191,
36461,
33500,
30336,
27031,
23666,
20301,
16996,
13823,
10847,
8124,
5716,
3667,
2086,
995,
494,
395,
385,
428,
1698,
3204,
5132,
7461,
10190,
13017,
16141,
19418,
22775,
26153,
29477,
32678,
35706,
38495,
40986,
43120,
44881,
46213,
47085,
47497,
47425,
46873,
45865,
44400,
42533,
40286,
37706,
34835,
31754,
28506,
25158,
21782,
18445,
15203,
12130,
9286,
6735,
4519,
2726,
1414,
631,
411,
381,
396,
1043,
2480,
4221,
6379,
8885,
11701,
14756,
17972,
21302,
24666,
28018,
31283,
34395,
37300,
39925,
42220,
44149,
45675,
46748,
47369,
47508,
47179,
46373,
45103,
43413,
41323,
38889,
36132,
33137,
29962,
26649,
23280,
19920,
16618,
13469,
10518,
7832,
5455,
3464,
1935,
906,
461,
391,
385,
453,
1854,
3400,
5380,
7738,
10494,
13356,
16500,
19794,
23153,
26523,
29839,
33028,
36036,
38793,
41244,
43498,
45052,
46326,
47155,
47508,
47376,
46781,
45721,
44218,
42301,
40010,
37394,
34498,
31391,
28133,
24777,
21410,
18074,
14848,
11789,
8974,
6464,
4295,
2552,
1290,
581,
407,
386,
396,
1228,
2657,
4447,
6643,
9187,
12010,
15081,
18324,
21661,
25034,
28383,
31628,
34728,
37600,
40187,
42456,
44338,
45815,
46838,
47402,
47495,
47103,
46246,
44931,
43195,
41072,
38592,
35833,
32827,
29621,
26295,
22917,
19555,
16269,
13128,
10201,
7546,
5210,
3267,
1791,
824,
440,
387,
379,
515,
1995,
3596,
5620,
8022,
10712,
13695,
16862,
20165,
23530,
26902,
30202,
33373,
36358,
39082,
41495,
43553,
45214,
46439,
47215,
47514,
47333,
46687,
45573,
44018,
42057,
39729,
36986,
34164,
31041,
27767,
24398,
21031,
17700,
14495,
11463,
8679,
6203,
4075,
2383,
1181,
544,
399,
383,
403,
1398,
2833,
4668,
6913,
9490,
12342,
15435,
18692,
22039,
25417,
28753,
31987,
35062,
37914,
40465,
42689,
44529,
45952,
46926,
47444,
47472,
47034,
46122,
44758,
42974,
40799,
38299,
35511,
32471,
29250,
25911,
22530,
19175,
15904,
12786,
9884,
7262,
4969,
3076,
1652,
748,
430,
382,
386,
657,
2163,
3808,
5876,
8306,
11053,
14044,
17231,
20545,
23911,
27280,
30572,
33727,
36679,
39375,
41748,
43756,
45375,
46554,
47269,
47520,
47287,
46582,
45422,
43817,
41812,
39450,
36652,
33821,
30673,
27381,
24023,
20647,
17333,
14144,
11136,
8387,
5947,
3703,
2219,
1074,
504,
399,
387,
415,
1552,
3017,
4899,
7192,
9795,
12681,
15795,
19066,
22416,
25794,
29122,
32345,
35399,
38213,
40735,
42912,
44710,
46091,
47015,
47475,
47450,
46953,
45989,
44576,
42747,
40538,
37997,
35158,
32091,
28853,
25516,
22145,
18797,
15539,
12443,
9575,
6988,
4731,
2895,
1524,
686,
423,
388,
389,
844,
2325,
4015,
6127,
8602,
11404,
14429,
17629,
20946,
24310,
27674,
30951,
34086,
37009,
39667,
42004,
43966,
45532,
46661,
47323,
47513,
47231,
46474,
45256,
43609,
41563,
39164,
36437,
33473,
30310,
27003,
23635,
20269,
16966,
13791,
10816,
8098,
5687,
3651,
2072,
987,
486,
395,
387,
433,
1709,
3211,
5149,
7475,
10202,
13033,
16163,
19441,
22799,
26178,
29497,
32705,
35732,
38520,
41004,
43142,
44892,
46214,
47088,
47492,
47417,
46862,
45850,
44390,
42517,
40271,
37690,
34825,
31730,
28486,
25139,
21764,
18428,
15178,
12115,
9274,
6727,
4510,
2723,
1409,
635,
416,
384,
390,
1073,
2495,
4235,
6395,
8904,
11719,
14777,
17997,
21325,
24689,
28045,
31309,
34425,
37323,
39943,
42240,
44159,
45685,
46758,
47370,
47507,
47170,
46361,
45092,
43401,
41315,
38868,
36119,
33121,
29939,
26629,
23261,
19901,
16602,
13448,
10495,
7814,
5443,
3454,
1929,
896,
467,
389,
381,
456,
1852,
3403,
5391,
7751,
10511,
13374,
16525,
19815,
23177,
26544,
29865,
33051,
36056,
38809,
41259,
43507,
45065,
46338,
47157,
47507,
47377,
46772,
45714,
44201,
42279,
39994,
37379,
34479,
31369,
28108,
24752,
21381,
18049,
14824,
11769,
8960,
6452,
4279,
2542,
1287,
583,
406,
385,
396,
1235,
2659,
4455,
6657,
9204,
12030,
15099,
18339,
21679,
25052,
28392,
31651,
34742,
37619,
40205,
42462,
44341,
45821,
46851,
47406,
47486,
47090,
46231,
44917,
43177,
41049,
38569,
35811,
32804,
29588,
26263,
22885,
19523,
16234,
13098,
10171,
7520,
5187,
3250,
1768,
806,
441,
388,
383,
510,
2004,
3604,
5629,
8030,
10724,
13711,
16885,
20187,
23549,
26924,
30224,
33394,
36369,
39096,
41509,
43563,
45215,
46445,
47210,
47512,
47328,
46674,
45561,
43998,
42041,
39714,
36963,
34140,
31009,
27735,
24371,
21001,
17675,
14472,
11443,
8664,
6189,
4063,
2376,
1177,
534,
400,
384,
401,
1398,
2836,
4678,
6930,
9504,
12359,
15455,
18715,
22058,
25435,
28769,
32009,
35085,
37930,
40481,
42699,
44541,
45961,
46938,
47445,
47470,
47031,
46120,
44747,
42958,
40787,
38280,
35490,
32447,
29224,
25887,
22506,
19150,
15875,
12760,
9866,
7250,
4951,
3064,
1642,
747,
430,
383,
385,
653,
2174,
3812,
5891,
8322,
11070,
14066,
17261,
20568,
23935,
27306,
30597,
33744,
36697,
39392,
41765,
43773,
45383,
46557,
47274,
47517,
47286,
46573,
45411,
43807,
41800,
39432,
36632,
33795,
30645,
27353,
23990,
20624,
17303,
14116,
11114,
8368,
5930,
3694,
2218,
1073,
503,
391,
381,
410,
1551,
3026,
4919,
7207,
9827,
12708,
15817,
19090,
22441,
25814,
29149,
32367,
35421,
38231,
40749,
42922,
44718,
46095,
47015,
47469,
47449,
46947,
45985,
44562,
42732,
40521,
37975,
35133,
32061,
28830,
25493,
22116,
18771,
15511,
12422,
9560,
6976,
4717,
2883,
1516,
683,
422,
384,
386,
857,
2331,
4031,
6146,
8625,
11428,
14457,
17656,
20977,
24340,
27701,
30975,
34110,
37025,
39686,
42018,
43980,
45550,
46665,
47331,
47517,
47231,
46471,
45250,
43597,
41550,
39141,
36423,
33451,
30285,
26980,
23609,
20243,
16941,
13774,
10795,
8082,
5674,
3637,
2054,
975,
485,
396,
387,
426,
1713,
3221,
5157,
7487,
10222,
13055,
16181,
19467,
22821,
26196,
29519,
32724,
35747,
38534,
41014,
43148,
44897,
46216,
47092,
47494,
47416,
46858,
45843,
44371,
42499,
40247,
37669,
34790,
31706,
28460,
25105,
21737,
18400,
15160,
12086,
9247,
6704,
4495,
2708,
1398,
626,
413,
383,
396,
1081,
2511,
4255,
6420,
8929,
11748,
14811,
18025,
21351,
24722,
28073,
31333,
34446,
37342,
39960,
42252,
44171,
45692,
46765,
47374,
47511,
47169,
46354,
45080,
43388,
41301,
38855,
36101,
33098,
29918,
26608,
23240,
END
